Nb of jobs, Nb of Machines, Time seed, Machine seed, Upper bound, Lower bound
        15        15  840612802  398197754      1231      1005
Times
 94 66 10 53 26 15 65 82 10 27 93 92 96 70 83
 74 31 88 51 57 78  8  7 91 79 18 51 18 99 33
  4 82 40 86 50 54 21  6 54 68 82 20 39 35 68
 73 23 30 30 53 94 58 93 32 91 30 56 27 92  9
 78 23 21 60 36 29 95 99 79 76 93 42 52 42 96
 29 61 88 70 16 31 65 83 78 26 50 87 62 14 30
 18 75 20  4 91 68 19 54 85 73 43 24 37 87 66
 32 52  9 49 61 35 99 62  6 62  7 80  3 57  7
 85 30 96 91 13 87 82 83 78 56 85  8 66 88 15
  5 59 30 60 41 17 66 89 78 88 69 45 82  6 13
 90 27  1  8 91 80 89 49 32 28 90 93  6 35 73
 47 43 75  8 51  3 84 34 28 60 69 45 67 58 87
 65 62 97 20 31 33 33 77 50 80 48 90 75 96 44
 28 21 51 75 17 89 59 56 63 18 17 30 16  7 35
 57 16 42 34 37 26 68 73  5  8 12 87 83 20 97
Machines
  7 13  5  8  4  3 11 12  9 15 10 14  6  1  2
  5  6  8 15 14  9 12 10  7 11  1  4 13  2  3
  2  9 10 13  7 12 14  6  1  3  8 11  5  4 15
  6  3 10  7 11  1 14  5  8 15 12  9 13  2  4
  8  9  7 11  5 10  3 15 13  6  2 14 12  1  4
  6  4 13 14 12  5 15  8  3  2 11  1 10  7  9
 13  4  8  9 15  7  2 12  5  6  3 11  1 14 10
 12  6  1  8 13 14 15  2  3  9  5  4 10  7 11
 11 12  7 15  1  2  3  6 13  5  9  8 10 14  4
  7 12 10  3  9  1 14  4 11  8  2 13 15  5  6
  5  8 14  1  6 13  7  9 15 11  4  2 12 10  3
  3 15  1 13  7 11  8  6  9 10 14  2  4 12  5
  6  9 11  3  4  7 10  1 14  5  2 12 13  8 15
  9 15  5 14  6  7 10  2 13  8 12 11  4  3  1
 11  9 13  7  5  2 14 15 12  1  8  4  3 10  6
Nb of jobs, Nb of Machines, Time seed, Machine seed, Upper bound, Lower bound
        15        15 1314640371  386720536      1244       953
Times
 86 60 10 59 65 94 71 25 98 49 43  8 90 21 73
 68 28 38 36 93 35 37 28 62 86 65 11 20 82 23
 33 67 96 91 83 81 60 88 20 62 22 79 38 40 82
 13 14 73 88 24 16 78 70 53 68 73 90 58  7  4
 93 52 63 13 19 41 71 59 19 60 85 99 73 95 19
 62 60 93 16 10 72 88 69 58 41 46 63 76 83 62
 50 68 90 34 44  5  8 25 70 53 78 92 62 85 70
 60 64 92 44 63 91 21  1 96 19 59 12 41 11 94
 93 46 51 37 91 90 63 40 68 13 16 83 49 24 23
  5 35 21 14 66  3  6 98 63 64 76 94 17 62 37
 35 42 62 68 73 27 52 39 41 25  9 34 50 41 98
 23 32 35 10 29 68 20  8 58 62 39 32  8 33 91
 28 31  3 28 66 59 24 45 81  8 44 42  2 23 53
 11 93 27 59 62 23 23  7 77 64 60 97 36 53 72
 36 98 38 24 84 47 72  1 91 85 68 42 20 30 30
Machines
 10 15  5 14 11  4  8  9  1  6  2  3 13  7 12
 11  9 12 15  4 14 10  8  5  3  7  2  6 13  1
  8  1  7  6 15 14  3 12  5 13  2 10  4 11  9
 10 12 15  1  2  9  6 11 13  5 14  4  7  8  3
 12  5 14  4  9  2 11 13  3 15  7  8  1 10  6
  6  3  2 11  1  5  9 15  7  4 10  8 12 13 14
  6 11 14  1 10  9  2 12 15  8 13  3  7  5  4
 13  1 10  4 14  7  6  8  3 15 12  9 11  2  5
 12 11  6 14  2 10  9  8  4  7  1  3 15 13  5
  3 15  4 11  7  2  1 14 12  5  6  9  8 13 10
 12 15 14  6  5 10  2  7 13  1  3  9 11  4  8
 13  4 11  9  5  8 14 12 15  2  3  1  6  7 10
  9 14  6  1 12 10  5 13  2 11  7  3  8 15  4
  3  6  5  4 10  2 12 14  8  7 11 15  1  9 13
  2 11  5  3  1  8  7 10 12 13  6 15  4 14  9
Nb of jobs, Nb of Machines, Time seed, Machine seed, Upper bound, Lower bound
        15        15 1227221349  316176388      1222      1036
Times
 69 81 81 62 80  3 38 62 54 66 88 82  3 12 88
 83 51 47 15 89 76 52 18 22 85 26 30  5 89 22
 62 47 93 54 38 78 71 96 19 33 44 71 90  9 21
 33 82 80 30 96 31 11 26 41 55 12 10 92  3 75
 36 49 10 43 69 72 19 65 37 57 32 11 73 89 12
 83 32  6 13 87 94 36 76 46 30 56 62 32 52 72
 29 78 21 27 17 43 14 15 16 49 72 19 99 38 64
 12 74  4  3 15 62 50 38 49 25 18 55  5 71 27
 69 13 33 47 86 31 97 48 25 40 94 22 61 59 16
 27  4 35 80 49 46 84 46 96 72 18 23 96 74 23
 36 17 81 67 47  5 51 23 82 35 96  7 54 92 38
 78 58 62 43  1 56 76 49 80 26 79  9 24 24 42
 38 86 38 38 83 36 11 17 99 14 57 64 58 96 17
 10 86 93 63 61 62 75 90 40 77  8 27 96 69 64
 73 12 14 71  3 47 84 84 53 58 95 87 90 68 75
Machines
  8 12  9  4 13  2 14  1 15  7 10  5  3 11  6
 13  2 12 10  7  4  3  5  6  9 14 15 11  1  8
  2  3 10  1  4  6  9  5 15 11 13 14  8  7 12
 14 11  7  3 15  8  5 12  1  6 10  4  9  2 13
  2  9  5 15  7  6  4  3 10 11 14  8 12  1 13
  6 15  3 13 11  2 12  5  7 10  1 14  9  4  8
  6  3  1  2  9 15 12 11  8 10  7 13  5 14  4
  5  8 11  2 10  9  3 15 12  4  6  7 14 13  1
 15 12  1 10 11  6  4 13  9 14  7  2  8  3  5
 10  1  4 11 13 14  6  2  7 15  9 12  3  8  5
  8  3  2 13  4 15  5  7  6 10  9 14 11  1 12
  1  9 15 13 10  6  7 11  8 12  4  5  2 14  3
  9 13 11 12 15  4  7  2  5  6  1 10 14  3  8
 14  3 12  1 15 11  4  2 13  5  6  7  8 10  9
  2 14  1 12  3 11  5  9  4  6  8  7 10 13 15
Nb of jobs, Nb of Machines, Time seed, Machine seed, Upper bound, Lower bound
        15        15  342269428 1806358582      1181       973
Times
 72 51 42 31 61 46 88 33 27 85 70 56 70 50 25
 19 79 79 47 40 67 43 65 84 61 30 56 19 91 68
 94  7  2 95 60 82 76 36  8 85  7 44  2 72 91
 58 67 84 34 19 19 94 41 98 96 25 40 74 88 74
 45 60  8 29 32 42 25  4 71 79 93 28 30 17 43
 84 56 46 93 66 84 40  4 15 15 54 39 77 55 31
 65 91 17 47 77 68 62 22 72 47 38  7 11 22 63
 12 21 60 42 22 84 60 52 25 53 53 56 29 83 32
 48 28 70 26 68  4 19 92 24 54 57 47 84 85 95
 36 34 65 64 30 41 53 74 44 13 41  6 32 94 37
 62  9 89 37 28 23 13 60 46 94 85 72 18 79 11
 74 61 43 26 97 62 40 60 62 78 42  8 21 11 70
  9 22  9  8 54 32 92 76  2 63 63 98 42 12 41
 67  7 91 52 87  4  1 56 82 47 35  8 92 39 11
 44 24 24 14 34 57 30 64  4 14 69 95 22 60 61
Machines
  4  8  7 15 10  9  6  5 11  2  1 13 12  3 14
  2 12  1  6  9 14  4 11 10  3 13  7  5  8 15
  8  4  9 12  1  5 10 14  2 11  7  6 15 13  3
  7 12  6 14  4  3  2  5 10 13  9  1 15  8 11
  2 12  7  6  9  8 13 10  3 15 14  4  1  5 11
 12  3 13  2 15  1  7 10  4 14  8 11  5  6  9
 15  8 12  1 13  9 10 11  4 14  5  2  3  7  6
  8  5 14  6 15 12  3 13  7  2  1 11 10  4  9
  8  5 15 11  4  1 14  9  2  3  7 13 12 10  6
  3 13 11  4  7  6 15 10 14  5  1 12  8  9  2
 12 10  4  8  7  5  1  3  6  2 11  9 14 13 15
  1  5  2 10  3 12 14 11  8  7  9 13 15  4  6
  7  1  5 11  3 15 10 14 12 13  2  9  6  4  8
  6 11 14  3  8  5  9  7 10  1 13 12  2 15  4
 12  3  1  5 15  6 10 11  7 13  9  2  8  4 14
Nb of jobs, Nb of Machines, Time seed, Machine seed, Upper bound, Lower bound
        15        15 1603221416 1501949241      1233       940
Times
 40 96 59 95 76 75 23 65 65 16 71 52 84 99 24
  2 88 99 52 68 13 38 35 57 37 93 38 68 94 71
 87 46 14 87 30 79 62 37 54  1 97 16  2 51 96
 19 15 42  8 72 15 76 25 78 84 62 70 81 16 97
 68 71  3 68 91 37 73 21 85 79 51 50 21 30 64
 14  1 29 72  6 31 98 50 83  2 86 33 33 98 59
 21 80 99 70 80 71 47 96 56 78 53 10 92  1 33
 29 85 89 10 30 38 38 48 16 65 90 73 88 46 47
 37  9 49 23  1 78 39 15  9 41 35 83  8 61 60
  1 73 47 46 10 37 60 84 26 11 37 79 75 49 51
 22 49 33  2 24  3 73 68 21 61 69 94 43 39 48
 81 46 21 23 86 19 64 52 22 50 11 73 77 16 75
 21 80 30 32 22 23 85 92 14 13 68 60 45 32 90
 29 95 52 59 33 12 73 96 75 12 83  3 90 57  6
 94 18 54 42 70 29 43 50 75 70 40 48  1 27 12
Machines
 13  2  5 10 14  1 12  9  4  6  7 15 11  3  8
  6  2 15 11 14 10  7 13  9  3  8  1  4  5 12
  7  4 11  8 14  5  6 10  9  3  1  2 12 15 13
 11  8  6  1 10 14  3  9  2 15 12  4 13  7  5
  7 13 15  2  8  6 12  1  3  4  9 14  5 10 11
  5  8  7  1  9 14 13 15  4  3  6 10 11  2 12
 11 12  7 10  1  3  2  9 13  8  6  4 14 15  5
  4 11  6  7  9  5  1 15  3  8 10 12 13  2 14
  2  3  7  8 11 13 15  9  1  4 14  6  5 10 12
 13  8  7 15  4  5  1 14 11  9 12 10  6  3  2
  5  4  9 15  3 14  6  7 11 13  8 12  2 10  1
  7 13  8  6  3  5 14 12  9  1 11  4  2 10 15
 13 14  9  8  2  7  1  6 10 11  5  3 15  4 12
 13  2  5  9  7 11  8  4  1  6 14  3 10 15 12
  8  6  1 11  3  4 10  7 12  9  2  5 15 13 14
Nb of jobs, Nb of Machines, Time seed, Machine seed, Upper bound, Lower bound
        15        15 1357584978 1734077082      1243      1134
Times
 96 23 71 26 28 16 27 71 18 57 43  5 12 91 63
 32 81 95 79 55 45 60 73 23 44 92 20  5 72 73
 63 93 63 79 10 66 27 93 24 26  8 69 29 66 97
 80 87 68 23 54 16 68 32 74  3  2 71  4 67 28
 46 96 11 41 93  2 98 10 43 65 27 57 75 87 81
  5 91 92 87 66 36 67 88 92 27 13  7 95 66 13
 90 33 78 76 93 67 82 94 12  5 85 42  4  2 70
 79 24 41 83 45 29  3 42  5 44 83 59 60 78 44
 19 55 20 74 66 37 55 63 40 73 55 84 54 62  6
 27 59  6 90  6 37 64 35 25 59 77 30  1  7 70
  4 53  6 10 51 89 38 38 35 44 99 88 52 16 99
 28 11 76 51 35 60 44 39 66 49 40 34 80 38 29
 31 32 40 25 40 85 39 61 15 41 93 64 16 81 97
  9 21  8 55 79 76 79 61 68 99 24 23 92 91 22
 80 30 67 58 45 29 48 28 64 63 80 23 93 55 48
Machines
  8 13  6  9  4 15 14 10  1  2  5  3  7 12 11
  9  1  6 14  7  2  5  3  4 12 11 13 10 15  8
  7  9  8  2 10  6 13  5  1  3 15 12  4 14 11
 13  1 15  8 14  2  7  9 12  3  4 10  6 11  5
  9  3 13 12 11 10  5  4 15  6  1  8  7 14  2
 14  9  7 12 15 10 13  8  1  2 11  3  6  4  5
  5  2  3 14  8  7  1  9 13 15 11 10  6  4 12
  5 11 15  4  7 14 12 10  1  6  2 13  9  8  3
  8  2  6  5 15  9  1 10 13  4 11  3 14 12  7
  4  7 14  5  6 11  3  9 13 12 10  8 15  2  1
  2  5  8  3 15 11 13 14  7  6 10  1  4  9 12
  1  8 15 14  9  4  7 10  6 13 11  5  2  3 12
 15 11  1  9 13 14  5 12  2  4  7  6  3 10  8
 14  5  9  7  6  3 10  1 12 13  2  4 15  8 11
 15  3  7  5  4 12  2  6  8  1  9 11 10 13 14
Nb of jobs, Nb of Machines, Time seed, Machine seed, Upper bound, Lower bound
        15        15   44531661 1374316395      1228      1103
Times
 52 19  6 20  1 26 90 44 27 18 51 80 10 51 41
 44 85  2 78 86 88 61 20 56 12 69 34 55 34 84
 62 72 74 63 95 29 24 34 89 83 90 26 98 65 31
 10 15 93 79 77 61  1 48 22 27 21 17 45 96 11
 83 52 70 78  7 28 97 52 29 81 60 91 80 54 35
  3 31 98 97 77 39 41 10  9 93  7 49 20 45 59
 28 93  4 51 67  5 18 52 47 21 49 63 96 85 90
 25 82 58 15 67 50 66 92 56 82 57 16 34 99 61
 82 31 22 16 87 48 59 63 29 99 48 36 91 61 59
 28 25 69 65 62 57 97 31 15 25 83 98 55 66 31
 20 99 13 88 25 75 90 84 70 41 17 54 63  1 95
 59 22 46 10  1 21  3 84 93 59 78 73 59 42 63
 72 80 12 56 22  8 93 27 17 38 26 51 43 80 94
 72 78 29 90 46 46 43 75 90 29  8 92 16 62  6
 89 44 41 32 10 85 16 23 91 46 35 17 93 45 93
Machines
 14 13  8  1  6 12 10 11  2  3  4 15  5  7  9
  3  2  9 15 14  1  6 12 10 13 11  8  4  5  7
  1  4  2  8  5  9 15  6  7  3 14 13 10 11 12
 10 12  1  8 13 15  7  2 14 11  5  6  4  3  9
  9 14  6 11 10 15 13  3  4  1  7 12  8  5  2
 13 14 15 10  6  2  7  8  1  4  9 11  5 12  3
 10  1  6  5 13 15  7  2  4  9 14 12  3 11  8
 13  2 10 15  7 11  3  8  5 12 14  6  4  9  1
  7  6 13  5  2 15 10  1  8  9 11 14  3 12  4
  9  4  6  5  2 11  8 10 14  3  1 12  7 13 15
  5  3  2  1 15 11 10  7 12 13  4  9  8 14  6
  9  4 14 15  3 12  6  5 10 13 11  8  2  1  7
  8  2 11  5  1  9 13  7 14  3  4 10 12 15  6
  9 12  4  8  2 13  7  5 11 14  3  6 15 10  1
  6 14 15  7 10 12  8  3 13  9  4  5 11  2  1
Nb of jobs, Nb of Machines, Time seed, Machine seed, Upper bound, Lower bound
        15        15  302545136 2092186050      1220       980
Times
 83  1 96 54 30 80 81  9 49 32 19 92 65 88 64
  4 68 79 21 84 92 66 51 83 96 68 38 38 99 76
 46 57 66 75 88 58 56 35 59 82 24 96 24 55 80
 34 69 53 98  8 81 81 38 39  3 59 81 30 76 71
 85 80 36 57 96 34 14  3 90 99  9 42 95 27 27
 28 11 66  2 35 69 61 84 73 56 98 81 72 92 23
 21  5 95  5 22 16 77 85 76 46 36 89 99 44 37
 49 80 61 87 41  6 83 79 44 83  9 84 99 38 68
 77 51 68 69  6 26 99  6 34 27 51 82  5 90  1
 85 64 55 76 89 68 34 14 52 33 91  4 18 95 76
 40  8 36  5  1 51 33 80 90 75 47 65 42 16 11
 38 83 48 74 15 10 89 41 97 97 16 47 21 95 20
 89 22 11 15 37 65 28 39 88 14 28  6 24  4 23
 14 66  4 58  7  6  5 48 54 59  2  1  4 82 75
 24 66  4 20 79 50 23 15 14 91 86 96 63 16  3
Machines
  4  7  8 14  5  2 13 11  9 15  1 10  6  3 12
  3 13  2 14  4  5  9 15  1 11  8  6 10 12  7
  9 15  4  1 11  6 10 14  3 12  7  5  8  2 13
  6 14 12  5 15  3 10  9 11  4  7  8  2  1 13
 14  6  3 15  2  9  5  4 12  7  8 13 10  1 11
 15 12  3  6  9 11  1  5 10  8 14  4  2  7 13
  9 13  6 11  8 12  3 14  1 15  7 10  2  5  4
 10  8 13  4  7  3 11 14  2  9 15  5  1  6 12
  1  5  6  2 12  8  7  3 15 14  9 10  4 11 13
  9 12  8  2 15 14 13  5  7 10 11  1  6  3  4
 13  5  6 14  7  1  2  8 10  9 12 11 15  3  4
  4 15  5 14  6 10  9  1  8 13  7  2 11 12  3
 11  9  5  2  3  1  8 15 13 14 10  7  4 12  6
  7  3  1 15  2  5 13  4 11  8  9 10  6 14 12
 11  3 10 14  6  1  7  8  2 15 12  5 13  4  9
Nb of jobs, Nb of Machines, Time seed, Machine seed, Upper bound, Lower bound
        15        15 1153780144 1393392374      1282      1020
Times
 91 15 45 26 90 53  7 78 94  8 19 56 69 66 98
 34  1 40 74 43 73 96 80 87 78 88 90 49 85  3
 88 98 82 46 79 69 95 41 39 12  1 71 27 77 99
 50  1 21 72 46 20 62 33 79 56 67 23 56 44 56
 15 15 16 79  8 73 86 52 79 62 93 86 44 80 18
 79 63 94  9 86 89 12 66 55 70 35 14  3 54 62
 42 39 42  9 37 25 78 76 16 38 30 80 34 92 29
 96 25 49 67 53 20 52 29 51 35 38 18 43 46 98
 73 68  3 98 68  8 15 88 72 20 89 59 68 63 41
 30 43 80 64 14  6 36 88 71 51 63 32 16 63  7
 18 90 55 25 72 92 88 69 89 83 58 35 79 43 86
 50 64 88 57 25 73 18  4 69 40 28 37 42 82 83
  2 41 13 75 31 66 72 66 96 45 29 49 96 50 38
 80 90 36 50 76 15 31 89 87 55 49 23 19 38 93
 75 45 75 72 65  6 16 24 24 44  4 22 99 10 85
Machines
  4 14 12  5  3 10 11  7 13  8  6 15  9  2  1
 14 10 15  1  5  6  7 12  2  8  9 13 11  4  3
  2 15 14  9 11  5  1 13  6  3 12  7 10  8  4
 15  6  5  4 11  8  2 12 14  7 10 13  3  9  1
 15  2 14  7 13  5  6  3 10  1  4  8 12  9 11
 10 12 15 11 14  8  9  3  2  1 13  6  5  7  4
  4  8 12  9  5 10  2 13 11  7  1 15  6  3 14
 15 14  6  1 10  9  3  4  2 12  7 11  5  8 13
  4  3  1 12  2  5  6 14  8 13 10 11  9  7 15
 15 10 12 14  2  6  4  5  1 13  7  3  9 11  8
 15 13  3  6  5  2 14  1  9 11  8 12  4  7 10
  5 14  4  2 12  9 10  8  1  3  7 11  6 13 15
 12 10  2  9 13 15  3 11  8  1 14  7  4  6  5
  2  5  6  7 12  4 10 11  9  3  8 14 15 13  1
 14  3  5 13  8  4  9  1 12 15 10  7  2  6 11
Nb of jobs, Nb of Machines, Time seed, Machine seed, Upper bound, Lower bound
        15        15   73896786 1544979948      1259       940
Times
 35 78 79 65 53 14 93 70 14 90 95 49 36 85  1
 83 41 22 29 52 71 16 93 54 63 12 85 62 45 30
 60 43 71  2 50 37 86 81 60 57 66 24 98 92 69
 14 59 35  6 25 57  1 44 94 30 95 93 51 52 16
 96 39 75 98  2 38 69 32 95 63  4 11 50 95 78
 73 28 43 47 57 88 33 13  7 49 23 38 21 99 72
  3 80 67 93 91 31 52 64 83  2 90 64 16 18 25
 23 30 22 54 68 63 89 95  5 37  5 42 17 54 46
 44 59 87 62 51 55  3 40 26 18 15 18 72 35 60
 27 14 77 24 55 67 59 19 29 33 88 30 91 11 11
 67 94 50  2 83 19 29 37 58 32 38 99 88 49 70
 60  7 81 82 58 83 16  1 69  7  3 84  8 12 93
 92 81  4 78  9 78 75  5 50  8 44  4 60 94 74
 32 88 31 68 31 10 45 75 82 51 55 99 44 84 22
 12 35 64 17 42 46 65 74 96 28 86 95 93 67 56
Machines
  9  3  8 15 13  1  5  4 14  6 10 11  7  2 12
  3  9  7  5 12  1 10  8  6  4  2 11 14 15 13
  6 12  9 15 13  2  5 10 11  7 14  1  3  4  8
 10 14  9  7 13  6 11  3  2  1 15 12  4  5  8
  9 11  4 14 15  6  5  1 13 12 10  7  3  2  8
  8  3 10  6 11  5  4  2 12  9  7 15 14  1 13
  3 11  2 13 15  4  1  5 10  6 12 14  8  9  7
 14  7 12 13  9  8 15  6  4  5  1 11  3  2 10
  9  5  7  8  1 12 14 13  3  4 11  2  6 15 10
  3  7 13 10  9 12  2  4 14  5 11  6  1  8 15
  1 10  5  9 11  3 12 13 15  7  4  8  6  2 14
  9  2 13  6  8 11 10  5 12  7 14  3 15  1  4
 14 15  3 10  8  9 13  5 11  7  2  1  6 12  4
  2  1 13  3 14  9  4 15  5  8  7 10 12 11  6
  4 14  3  6 10  7  8  5  9  1 13 11 15  2 12
