Nb of jobs, Nb of Machines, Time seed, Machine seed, Upper bound, Lower bound
        20        15  533484900  317419073      1376      1254
Times
 25 75 75 76 38 62 38 59 14 13 46 31 57 92  3
 67  5 11 11 40 34 77 42 35 96 22 55 21 29 16
 22 98  8 35 59 31 13 46 52 22 18 19 64 29 70
 99 42  2 35 11 92 88 97 21 56 17 43 27 19 23
 50  5 59 71 47 39 82 35 12  2 39 42 52 65 35
 48 57  5  2 60 64 86  3 51 26 34 39 45 63 54
 40 43 50 71 46 99 67 34  6 95 67 54 29 30 60
 59  3 85  6 46 49  5 82 18 71 48 79 62 65 76
 65 55 81 15 32 52 97 69 82 89 69 87 22 71 63
 70 74 52 94 14 81 24 14 32 39 67 59 18 77 50
 18  6 96 53 35 99 39 18 14 90 64 81 89 48 80
 44 75 12 13 74 59 71 75 30 93 26 30 84 91 93
 39 56 13 29 55 69 26  7 55 48 22 46 50 96 17
 57 14  8 13 95 53 78 24 92 90 68 87 43 75 94
 93 92 18 28 27 40 56 83 51 15 97 48 53 78 39
 47 34 42 28 11 11 30 14 10  4 20 92 19 59 28
 69 82 64 40 27 82 27 43 56 17 18 20 98 43 68
 84 26 87 61 95 23 88 89 49 84 12 51  3 44 20
 43 54 18 72 70 28 20 22 59 36 85 13 73 29 45
  7 97  4 22 74 45 62 95 66 14 40 23 79 34  8
Machines
  4 12 15  2 11  3  5  8  1 13  6 10  7 14  9
  6  1  4  9  5  2 13 15  7  8 11  3 10 14 12
  3  4 15  1 10 13  6  5  8 11  9 12 14  2  7
  9 11  2 14  4  5 15 10  3  6 12  8  1  7 13
 15  9  2  3 11 10 13  5  7  6  1 14  4 12  8
  4 11  2  6  7  1  9  8 12 14  3 15 13 10  5
  3 11  2 13  9  1  8  7 15 14  5  4  6 10 12
  2  1  3  5  8 14 12  4 13  6  7 15 10  9 11
  5  6 10 11  8  7  3  2 13  4 14  1  9 15 12
  2  5  4 11 15  1  7 14 12  9  6 13  8 10  3
  4 11  2  1 10  9 15  7  5  8  3 13  6 12 14
  3  8  7  9  4  6 15  5  2  1 10 11 14 12 13
  1  8 15  9 13 11 10  4  7  2  5  3 12 14  6
 13  4 10  5  2  1 11  7  6  3 15 14  8  9 12
  4 15  7  6 14 10  2  1 13  8  3  5 11  9 12
  6 15  7 13  9  3  5 10 12 14  4  2  8  1 11
  4  8 11 15  1  9  2 12  6 14  5 13  7 10  3
 11  9  3 12 14  7 15  4 10  8  5  6 13  1  2
  4  3 13 14  2  7 15  6  5  9 10 12  1 11  8
 12 15  6  7 11 10 14  2  5  9  1  4 13  3  8
Nb of jobs, Nb of Machines, Time seed, Machine seed, Upper bound, Lower bound
        20        15 1894307698 1474268163      1377      1267
Times
 55 66 48 59  8 21 64  7 80  5 59  8 91 11 81
 86 76 40 76  9 23 80 51 46 48 68 51 15  5 82
 84 97 26 70 33 31 20 39 42 33 70 84 23 54 55
 60 82 14 36 22 21  3 11 82 92 52 85 77  3 89
 83 33 15 36 96 99 81 24 59 89 11 13 26 91 87
 51 20 89 99 95 41  7 67 77 45 74 91 87  1 55
 35 71 47 34 77 68 85 27  2 99  9 18 28 33 92
 76 58 37 28 80 96 97 92 84 68  1 86 33 66 20
 17 11 18 90 57 95 17 33 61 49 36 38 62 73 25
 82 84 87 44 96 64 68 57 65 89 42 77 43 76 38
 54 66  8 48 84 15 93 94 57 16 64 13 62 63 53
 21 70 42 29 83  5 16 76 67 46 67 83 46 29 26
 96 42 49 54 58  8 41 14 35  9 74 16 50 69 45
 69 90 17 18 45 48 31 29 27 85 71 92 20 11 86
 41 24 82 50 24 75 34 80 71 54  5 42  8 35 93
 63  4 85 53 61 54 16 18  5 43 24 88 67 79 41
 17 37 56 70 56 24 95 12 96 27 55 36 41 65 23
 79  6 89 69 16 56 81 98 12 19 88  3 36 67 74
 38 76 47 21 80 97 35 45 74 92 98 54 91 79 46
 34 56 26 62 82 38 89 33 50 62 39 63 88 13 42
Machines
  3  6  2  9  4  5 15  8 11 14 12 10 13  7  1
 15  9 13  5 12  4  7 10  1 11  2 14  3  8  6
  8 13  2  9  3 11  4 12 14 15  6  7  1 10  5
  2  9  6 12  8  7  4  3  5 10 13 14  1 15 11
  9  5 13  2  4 15  3 10 14  7  6 11 12  8  1
  3 15 11  8  4  1  2 14 10  7 12 13  5  6  9
  1  5 14  2  9 11 12  7 10  3  6 13  8  4 15
 13  3 12 10  9 11 14  5  6 15  7  4  2  8  1
  8  4  5  6 14  1 12 11 10  2  9  7 13 15  3
  8 15 13  7  6 10 11  1  4  5  3  2  9 14 12
  1 10 14  8  7  4 12  9 11  5  3  2 15 13  6
 15 11  4 13  6  8  5  7  2  3  1 14 10 12  9
 12 11  6  2  4 14 10  8  9 15  1  3  7 13  5
  8  7 14 11  4  2  6 12  5  9  1 13 10  3 15
  3  5 15  6  1  8 11 13  2 10  4  9  7 14 12
  6 15 13  8  4 14  1 10 11  7  2  3  9  5 12
 15  9  2 11 12 13  8  1  4  3 10 14  6  7  5
  6  3 11  4 13  5  7 12  1 14  9 15  8  2 10
  1 10 11  5  3  7 14  2  4 15  8  9  6 13 12
  3 13 10  9  5  7 11 15  8  6  2 12  4  1 14
Nb of jobs, Nb of Machines, Time seed, Machine seed, Upper bound, Lower bound
        20        15  874340513  509669280      1367      1243
Times
 91 17  4 63 67 30 87 80 95 14 17 22  1 85 41
 77 77  9 77 24  8 64  6 12 13 71 76 95  8  6
 92  3 12 27 58 66 99 33  7 78 96 30 54 23 88
 19 45 65 24 30 30 49 32 78 31  3 25  9  2 22
 84 61 35 44 37 16 97 85 51 26 13 76 41  2 96
 85 55  2 65 52 97 81  8 22 59 95 52 85 64 13
 64 94  4 13 98 26 32 20 97 28 63  2 23 14 62
 56 98 56 28  1 96 27 38 41 94 77 63 63 81  6
 63 98 64 37 89 96 88 13 72 28 57 99 11  8 96
 17 71 80 33 87 82 44 14 85  2 60 72 27 63 66
 47 42 61 17 65  5 96 47  9 20 10 11 86 90 65
 66 91  8 37 99 90 16 89 17 98 87  8 40 33 37
 99  2 22 12 13 62 30 44 25 56 10 44 25 39 65
 35 62 52 84 30  2 50 69 64 54 45 38 90 70 37
 73 40 16 21 50 10 46  2 48 16 58 37 12 30 82
 76 40 21 91 48  6 91 75 79 51 51 81 70 65 19
 49  5 59 40 74 70 84 47 25 86 75 26 51 32 15
 11 18  6 60 83 64 85 21 52 49 30 56 31 25 31
 83 42 11 64 44 90  8 35 72 67 72 55 43 88 35
 19 53 80 89 21 34 56 89 50 28 15 27 74 83 79
Machines
 13 12  9 10  8 14  1 11  3  5  6  7  4 15  2
  3  6  1 11  5  2 14 12  4 15  7  9 10 13  8
  4  3  7 10  6 13  1 14  8 11 15  2  5  9 12
 10 15  6  8 14 11 13  3  4  9  2  7 12  1  5
  4  9  7  2 14  1 10  6 15  3 13  8  5 12 11
  4  9 14 12 13  2  5 15  7  6 10  1  8 11  3
 12  3  1  7  5  2  6 13 10  8  4  9 14 11 15
 13  4  5 12  9  2  6  1 14  7 11 10  3 15  8
  6  9  8  1 13 14  2  7  5 15 11 10  4  3 12
  7  4 10  9  3  2 13  8  6 15  1  5 12 14 11
  7  1  5 15  9 14 13 12 11  2 10  8  6  4  3
  1  7  5  4  9  3 12  2 10  6 14 13 11 15  8
  3 10  6 13  4 15  5 14 12  8  2 11  9  7  1
 12  8 11  5  9 15  7  4 10  6  2 14  3 13  1
  9 14 11 13  1 10  3  7 12  2  4 15  6  8  5
 15  8 12  7 11 10  3  1  2 13  9  4  5 14  6
  9 14  8 10 12 13  6  5  3  4 15  7  1 11  2
  9 15  6 12  2  1  8  4 13  3 10 11 14  7  5
  9  7  2 12  8 13 15 11  1 10  4  5  6 14  3
 14  2  5  1  6  8  4  7 13  9 12  3 11 15 10
Nb of jobs, Nb of Machines, Time seed, Machine seed, Upper bound, Lower bound
        20        15 1124986343 1209573668      1345      1329
Times
 56 25 17 63  9 30 75 22 42 83 69 90 88 20 30
 39 20 35 79 35 66 15 56 60 72 52 14  2 16 59
  5 31 55 70 49 70 92 40 13 14 49 30 50 77 81
 64 63 21 21 29 10 25 60 93 24 48 52  8 30 37
  4 32 10 77 45 37 89 60 59 42 48 30 22 23 15
 14 10 68 95 42 29 44 23 61 57 45 98 30 27 13
 50 55 23 25 51 55  9 87 21 48 55 22 47 50 86
 11 43 26 31 18 59 84 33 73 20 34 92 65 87 37
  9 20 11 21 11 96 94 91 92 97 28 55 89 34 61
 10 58 86 86 87 18 74 64 12 22 80  5 95  6 35
 47 68 60 20 14  6 20  6 46 79 32 82  7 74 54
 20 99 55 78 35 26 23 87 86 25 98  1 16 33 50
 35 34 66 47 48 52 33 77 38 65 58 71 14 85 13
 85 86 15 68 32 83 80 81 10 12 31 38 78 44 18
 60 58 16 24 57  8 41 39 28 56 37 34 39 69 52
 76 87 91 13  4 32 58 62 83 48 41 36 68 28 12
  1 67 98 41 84 34 86 75 93 83 66 93 47 58 64
 61 49 35 92 84 57 31 50 53 11 74  8 14 12 50
 19 89 67 10 75 49 75 66 37 77 94 60 38 52 61
 29 73 62 19 99 95  2 39 70 90 10 60 21 40 17
Machines
  9 14  4  8 11  7 15 13 10  3  1  5  6 12  2
 12  5  7  4  9 10 13  6 14  1  8 11 15  3  2
 15 10  5  1  3 14  7  8 12  2  4  6 11 13  9
  1 13 11  2 12 15  9  6 10 14  3  7  4  5  8
  3  7  5 14  9 13  4 11 10 12  1  8  2  6 15
  2  5 14  8 13  9  4  1 15  6 11 12 10  7  3
  7 13  4 12  1  2  8 14  5  9  6 10 15 11  3
  6  8 15 12  5  4 11  1  2  7 14 13  9 10  3
  4  3  7  5 12 11  1  9 15  8 14  6  2 10 13
  4 12 15 11  3  5  2 14  7 10  6  9 13  8  1
 10 11  7  8  5 13  6 15 14  2  9  1  3  4 12
  8  6 12 15  9  1 14 13  3 10 11  2  5  4  7
 12  1  7 13  6 11 14  4  5  2 10 15  3  9  8
  3 10  5  7  4  8 14  6 13 11  2 12  9 15  1
  7 15  6  9 14  5  2  4  1  8 13  3 11 12 10
 11 15  9  8  7  6  2 14 12  3  4 10 13  1  5
  6 12  2  5  8  7 15 14  9 13  4  3  1 10 11
  5 15  3  7  1 12  8 14 10  2  6  4  9 11 13
  8 15 11  2  6 10  3  5  1 12 14  4  7 13  9
 12 14  8  9  7  1  6  5 11  2  4  3 10 13 15
Nb of jobs, Nb of Machines, Time seed, Machine seed, Upper bound, Lower bound
        20        15 1463788335  529048107      1366      1163
Times
 15 89 49 95 40 79 44 59 87 88 48 44 43 11 75
  6 46 18  4 56 44 15 40 44 79  1 32  5 92 76
 78 45 61 49 26 36 94 80 49 53  4 51 82 36 76
 58 34 70 19 85 69 87 38  5 88 66  3 10 28 18
 78  7 83 75 39 24 10 13 42  2 61 26 11 89 39
 80 88 13 92 11 62 42  3  6 36 49 98 40 59 15
 83 12 48  1 76 32  1 81 53 70 78 75  7 82 31
 75 13  9 11 49 15 57 84 77 80 41 82 68 64 50
 39 64 88  9 97 99 27 48 18 49 50 26 54 80 77
 66 87 27 47 68 75 31 25 49 85 86 12 26 82 78
 93 87 74 26 60 76  3 98 72 52 73 75 28  1 51
 79 13 14 27 14  5 58 32 38 67 70 86 28 94 33
 83 67 18 20  4 84 22  8 91 89 25  8 69 85 46
 64 18 12 43 78 65 20 53 32 49 25 10 43 30  3
 99 29 50 99 53 65 23 49 91  1 86  7 68 71 89
 13 19 31 94 78 43 16 56 76  1 11 24 13 62 55
 43 24 85 20  6 44 49 41 67 47 25 86  6  6 30
 68 92 15 80 29 72 22 41 49 36 97 80 23 77  4
 51 34 10 96 74 80 65 75 14 83 13 78 61 43 58
 69 56 15 89 22 21 89 16 59 83 20 33 11 67 90
Machines
  8 13  7  4  9  6  1 10  2 11  3  5 14 15 12
  9  4 13  6  7 10  2 15  5  3 12  1 11 14  8
  2  1  9  5 12 15 13  7 14 10  3  6  8 11  4
 12 14 11  1  5  8 15  6  4  3 10  2 13  9  7
 15  7  3 11 12  6 13 10  4  2 14  5  1  8  9
  8  6 13 14 10 12  2  5  4  7  3  9  1 15 11
 15 14  9 10  2  1 12  5  3  4 11  7  8 13  6
  8 14  5 12  1 11  6  3  7  2  9 13  4 10 15
  6 12  5  2 13 15 14  8  9  7 10  3  1  4 11
 10  5  4  9 15  6  7 14 12 11 13  8  2  3  1
 12 14  7  6 11  4 13  9  3  5 10  2  1 15  8
 12  2  5  8 13  4  6 11 15  3 14  1  7 10  9
  2  6  8 13 14  7 12  5  9  4 15 11  1 10  3
  5 11  8  9  4 14  1 15 12 13 10  7  2  3  6
  9  5 12 14  2 10  1  7 13  6  3 11  4  8 15
 14  9 11  6  7 15 12  8 13  1  2  5 10  3  4
  6  9 14 12 10 15 11  2 13  7  5  8  4  1  3
  3 10  5  1  6  8  9 11 13 12  4 14  7  2 15
  2  5  9 11  7 12 10  6 14  1  8 13  4 15  3
  2 11 14 13  6  5  7 15 12  8  9  3 10  1  4
Nb of jobs, Nb of Machines, Time seed, Machine seed, Upper bound, Lower bound
        20        15 1056908795   25321885      1371      1211
Times
 76 17 58 26 90 77 63 87 74 35 60 90 64 68 28
  5 79 71 42 71 20 86 88 47 62 37 87 47 97 24
  2 67 28 98 66 42 46 23 94 25 89  3 38 76 76
 96 79 19 36 87  6  9 18 32 37 55  3 15 12 45
 71 73 17 41 71 88 43 59 37 22 21 77 66 46 52
 19 12 87 22 41 29  6  4 79 78 21 27 16 54 60
 96 39 82 15 22 29 64 92 68 60 37 10 47 68 74
 28  3 71 59 94 60 98 77  9 57 21 74 19 74 19
  7 38 63 69 13 56 53 58  2 93 90  6 66 76 60
 85 46 75 34 33 94 50 20  4 28 60 74 90 51 67
 88 11 35 87 14 85 12 21 23 37 12 88 98 33 76
 30 89 91  3 97 71 73 16 15 98 71 19 65 89  2
 61 86 71 76 88 32 31 50 25 84 79 34 59 75 78
  9 59 93 69 38 65 96 67 74 41 61 68 11 24 25
 86 77 21 50 72 68 91 72 65 52 45  5 71 68 25
 37 27 23 26  2 36 20 65 61 27 35 50 45 80 19
  5 57 70 95 46 36 88 42 49 23 63 77 47 88  7
 29 64 23 42 33 65 92 80 49  3 83 20 63 78 85
 67 47 48 57 84 63 48 70 85 93  1 63 87 29 90
 80 14 41 73 22 93  6 81 19 62 62 85 25 70 10
Machines
  3 12  1 14  2  9 10  7  5  8 13  4 15  6 11
  6  9 10  4  2 14 12  1 15  8  5 13 11  7  3
  6  3  9 15 14  2  7 10 13  5 12  1  8  4 11
  9 11  5  1  4 12 14  7  2  6  3 10 13 15  8
  9 12  2  1  6 14  3 15 11 13 10  4  5  7  8
 12  4 14 10 15  2  1  8  5  6 11 13  7  3  9
 14  4 12 11  6 13  1  5 15  7  8  9 10  3  2
  6  9  7  8  3  4 11  5  2 15 12 10 14  1 13
 13  9 10  8  4  7 12 14 11  1  3  6  2  5 15
  6 15 12  5 11  9 10  3 14 13  8  2  1  4  7
 11 10  2 13  3  8  4  5  1  6  7  9 14 15 12
 10  8  6  7  1 15  2  4  9 12  3 13 11 14  5
  3 14 13  4 10  2  6 11 12  7  1  8  9 15  5
  4  1 10 14  9  3  7  2 11 13  8 15  5  6 12
  7  6  1 14  9 15  3  8 13  5 11  4  2 10 12
  7  9  1  8  5  2 12 11 14 15 13  3 10  4  6
 14  3  2  9  4 13  7 15 12 10  6  8  5 11  1
 14  8  6 12  5  7 11 15  3 10  1  4  9 13  2
 10  3 11 12  8  2 15  4  7  9  6  5 13  1 14
 14  5 12 13  8  1  6  2  9 15 10  3  4 11  7
Nb of jobs, Nb of Machines, Time seed, Machine seed, Upper bound, Lower bound
        20        15  195672285 1717580117      1480      1306
Times
 40 57 95 33 72 31 55 36 92 72 80 39  3 86 29
 20 56 68 49 35 58 90 52 97 95 94 32 56 71 83
 98  5 97 85 31  5 16 19 75 50 23 63 89 65 24
 80 58 41 34 94 63  8 75 60 42 38  3 73 79 36
 71 65 26 59 54 69 86 86 43  7 35 86 99 94 99
 82 70 53 74 58 70 50 37 90 22  9 98 30 94 43
 71 63 65 15 39 93 97 67  5 61 64 68  2 31 17
  7 10 65 63 92 90 85 81 32 62  5 21  5 49 36
  9 31 77 49 24 67 66 37 82 69 63  4 62 52 66
 67 73 87 28 43 13 18 73 69 20 97 73 64  8 13
 85 30 80 64 18 72 66 72 28 13 17 55 17 42 58
 87 36 87 27 23 72 49 79 30 17 57 56 82  4 66
  6 62 78 78 62 17 43 18 53 16 66 20 69 49  4
 34 89 23 69 12 59 50 57 85 16 55 82 61  5 36
 71 19 96  9 85 88  3 68 52 29 29 22 10  9 65
 23 34 73 34 85 40 73 15 51 91  1 43  7 63  7
 18 62 97 49  4 71 68 51 42 40 32 92 11 46 99
  1 93 46 12 11 82 56 39 84 43 77 22 23 47 43
 98 38 92 72 78 70 47 32 84 84 63 95 59 26 14
 80 53 72  9 89 30 35 34 52 87 97 34 73 68 31
Machines
  7  9 12  1 15 14 10  6  4 13 11  3  8  5  2
  1 10  2  7  6 14 12  9  4  5 13 15  8  3 11
  9  4 10  2  1 11  6 15 13 14  7  3  8 12  5
  6  2  8 11  1  3 14 12 15  4  7 10  9 13  5
  3 10  7  8  1  9 14  6 11  4 13  5 15  2 12
  6  4 10  3  2  5 11  9 14  1 12 13  7 15  8
  9  8 13 10  7 15  5 12  6  2  4 14 11  1  3
 14  8  7 12  3  1 15  5  4  2 11  9 10 13  6
  2 15  1 11 12  9  8  6 10  4  5  7 13  3 14
 14  2  4 15  6 10  3  1 12  8 13  5 11  7  9
 11  6 10 14  7  9 12  5 15  1  8  3 13  2  4
 14 10 15 11  4  8  3  6  7 12  9  2  1 13  5
  6 10  8  9 11 14  3  7  2  1 13 12  4  5 15
 10 12  7  8  3  9 15  4  1 13  5 14  6  2 11
 11  3  2  6  1  4 15 12  5  9 10  8 13  7 14
 13 15  1  3 11  6 14  4  8 12  2 10  7  9  5
  9  7 13  5 14 11  6  8 10  1  2 15  4  3 12
 15  6 13  5  2 14  7  3  9  8 11 12 10  4  1
  8  3  7  4  9 15  6 10  5 14  1 12 13  2 11
 11  8 14  5  6  4  7  2  9  1 13 12 10 15  3
Nb of jobs, Nb of Machines, Time seed, Machine seed, Upper bound, Lower bound
        20        15  961965583 1353003786      1413      1315
Times
 70  6 29 55 14 33 66 14  7 57 55 18 62 46 92
 30 53 19  1 98 81 63 62 10 15 73 75 80 84 97
 42 61  6 60 24 70 78 11 35 38 61 90 74  1 60
 76 84 72 17 27 86 84 71 90 27 13 98  3 57 66
 38 58 80 24 50 76  6 12 26 14 35 38 55 33 42
 77 87 59 19 84 85 63 51 18 29  2 13  1 25 54
 19 83 71 22  4 68 68 88 80 55 11 19 39 68 37
 38 98 11  3 33 43 19 90 56 83 76 97  2 76  1
 25 65 88 56 75 48 40 19 39 40 43 99 23 74 39
 97 66 54 29 23  9 74 46 85 98 74 12 71 65 25
  3 40 81 74 67 93 76 16 12 67 52 20 24 71 90
 13 59 95 79 46 16 67 67 64 85 85 27 26 56  1
 64  1 29 66 32 35  8 26 94 94 62 42 60 56  7
  3  7 40 93 55 75 25 21 30 82  1 58 53 88 19
 66 88 48 77 38 78 16 41 93 38 25 51 14 98 61
 33 23  7 60 74 54  2 22 32 15 79 83 69 41 19
 61 26 66 85 34 15 59 75  3 80 39 69  6 73 65
 96  6 52 22 35 79 16 72 29 26 52 58 57 31 74
 42 79 84 25 70 90  8 60 81 88 11 71 61 49 81
 52  3 57 66 88 42 23 72 97 91 50 43 82 62 27
Machines
  2  7 11 15  8  6 14  5  4  9  1 10 13  3 12
  1 10  4  3  9  6 15 13  7 12 11  8  5  2 14
  2  7  3 12  4  5 11 10 13  9  8  6  1 15 14
 13 15  9 10  6  4  1  2 14 11  7 12  5  8  3
 15 11  9  7  1  5  6 10 12  4  8 14  2 13  3
  9  3 10 13  4  1 14 15  6 12  8  2  5  7 11
  6  4  9  8  1 13  5  3 15  7 11 12 10  2 14
  6  9 13  2  8  5  3 10  7 15 14  1  4 11 12
 15  9  8 13  7 11  1  2 12 10  6  5  3  4 14
  1 15  3  6 11  5 10  8 12  7  4 14  2 13  9
  2  4 12  1 10  6  3 15  7  8  9 13 14 11  5
 13  9  4 11  3  1  8 10 15  6  5  2 12 14  7
  2  7 15  3 12  5  9  4 14 11  1 10 13  8  6
  2  5 10  4 12 15  9  1 14 11  3  7  6  8 13
  3  8  4  2  9  5 15 12 13  6 11  1 14  7 10
 11  3  5  7  2 10  8 13  4 12 14 15  6  9  1
  3  1  6 15  5  7 12 11  9  8 14  2  4 10 13
  4  1 12 15  6 11  5 14 10  7  9  2  8  3 13
  2  1  8  6 10  9 15 14  3 11  5  4 13 12  7
  2 13 15  5  8 10  9  4  7  1 11  3 12 14  6
Nb of jobs, Nb of Machines, Time seed, Machine seed, Upper bound, Lower bound
        20        15 1610169733 1734469503      1352      1202
Times
 78 22 89 46 42 59 13 90 41 69 71 13 48 97 62
 87 56 44  1 74  3 89 77 29 17 12 60 92 35 24
 57  6 73 36 57 25 94 21 46 89 47  2 57 67 55
 74 40  1 37 52 84 50 39 65 80 44 70 25 27 12
 15 72 25 69  8 96 14 13 31 74 13 91 39 57 46
 95  2 68 22 40 33 36 32 50 32 10 63 85 16  1
 15 98 21 10 35 76 29 64 34 25 88 30 52 43 45
 14 21 86  2 19 78 92 85 54 61  6 13 85 87 43
  8 58 67 16 99 33 14 47 21 77 64 29 73 10 47
 55 84 55 26 83  6 99 51 28 63 93 52 86 68 46
 43 19 32 36 18 60 97 13 48 36 79 14 69 15 23
 12 68 36 72 90 68 28 13 18 68 49 52 50 63 10
 76 75 73 40 58 23  6 31  5 16 73 41 47 67 37
 93 58 58 93 21 90 13 82  6 62 52 44  4 29 20
 98 66 63 63 71  9 10 94 93 77 47 40 24 96 56
 33 18 95 80 87  3 72 18 30 32 93 10 86 58 45
 69 83 62 77 41 13  8 87  3 65 40 11 32 71 86
 21 77 76 77 61 82 76 42  6 88 51 50 29 63 18
 87 16 98 27 58 59 69 95 85 80 97 88 11  8 42
 25 16 20 67 85 74 48 44 95 28 66 34 25 94 19
Machines
  9  2 11  8 10  6  7  4  3 14  5  1 15 12 13
  2 10  5  6  1 12  7  8 13  3 15  9 14 11  4
  7  3  9 10  4  6  5 13 12  8 11 14  1 15  2
  5 10  2  3 14  4  7  1 13  6 11  8  9 12 15
  7  8 10 14 12  2  6  1 13  4 15  3  5  9 11
  3 13  7 14  9  5  2 15  6 10 11  1  4  8 12
 14  3 13  6 12  7  9  5 11  8  2  1  4 10 15
 10  9 15  8  4 11  2 13  5 14 12  7  6  1  3
 15  4  7  9 13 10  5  6  2  8  1 11  3 12 14
 12  5 15  9 14 11 10  1  6  7  3 13  4  2  8
  7  3  9  1  4  6  8 11 15 10 12 14  5  2 13
 10  2 15  1 14  3  8  9  6 12  5 11  7  4 13
  9 12 13  4  8 14  7  2 15  6 10  3  5  1 11
  9 13  8 12  4 15  7 11  6  2  3 10  1  5 14
 11 14 13  9  4 12  6 15  1  5  3  7  2 10  8
  9  7 11 15  2 12  4  6 13 10  3  5  1  8 14
 14  3  9 15  8  1 10  7  4 12 11  6 13  2  5
  1 14 13  7  8  3 12 15  9  4  5 11  2  6 10
 10  7  3 13  1  9 12  5  6  2  8  4 15 11 14
  3  9  7 13 15 11 14  6  1  8 12 10  4  5  2
Nb of jobs, Nb of Machines, Time seed, Machine seed, Upper bound, Lower bound
        20        15  532794656  998486810      1362      1213
Times
 84 58 71 26 98 36 12 30 87 95 45 28 73 73 45
 29 22 47 75 94 15  4 82 14 35 79 34 57 23 56
 73 36 48 26 49 60 15 66 90 39  8 74 63 94 91
  1 35 23 93 75 50 40 60 41  7 57 72 40 75  7
 13 15 17 14 67 94 18 52 53 16 33 61 47 65 39
 54 80 87 36 54 72 17 44 37 88 77 84 17 82 90
  4 62 33 62 86 30 39 67 42 31 83 39 67 67 31
 29 29 69 26 55 46 53 65 97 24 69 22 17 39 13
 12 73 36 70 12 80 99 70 51 14 71 28 35 58 35
 61 49 74 90 60 88  3 60 59 94 91 34 26  4 26
 89 90 95 32 18 73  9 19 97 58 36 62 13 16  1
 71 47 95  7 63 49 24 46 72 73 19 96 41 15 81
 45  9 97 62 77 78 70 19 86 15 23 46 32  6 70
 74 46 98  1 53 59 86 98 76 12 91 98 98 11 27
 73 70 14 32 19 57 17 96 56 73 32  7 79 10 91
 39 87 11 81  7 79 24  9 58 42 67 27 20 19 67
 76 89 64 14 11 14 99 85 81  3 46 47 40 81 27
 55 71  5 83 16  4 20 15 60  8 93 33 63 71 29
 92 25  8 86 22 79 23 96 24 94 97 17 48 67 47
  5 77 74 59 13 57 62 37 54 69 80 35 88 47 98
Machines
  8  1 13  5  2 10  3 12 11 15  6  7 14  4  9
  5  9  8  4 10 14 13  1 12 11  2  7  6 15  3
  2  5  8 14  4  9 11  6 13 15 10  7  3  1 12
  6 12 10 13  8  2  7 14  9  3  1 15  4  5 11
  5 12 13  2  1 10  7 14  3 15  6 11  4  9  8
  3  7  4  9 15  1  5 11 12  2  8 14 13  6 10
  5 15  6 11  9  8  7  2  1 13 10 14 12  4  3
  8 11 12 15  4  3  5  6  2 13 10  7 14  1  9
 15 12  1 14  4  3  2  9  6  8  5 13  7 11 10
  1  6 13  2 14 11 10  5  3  9 15 12  8  7  4
  5  4  9 13 10 12  3 15  6  8 14  7 11  2  1
 10  7  2  1 15  8 14 13  3 12  6  9 11  4  5
  5  4  1 15 14 10  8  3 12  9 11  2  7 13  6
 13 11  4  7  5  6  1  8  3  9 14 12 15 10  2
 15  8  6  9 12  1  3 14 13  5  7  2 11 10  4
  7 15 13  3  8  6  9 14 12 10  1  4  5  2 11
 10  6 15 11 13  2  5 14  1 12  4  3  8  7  9
 10 13  5 15 12  9  1  8  6  4  2 11  7 14  3
 13  3  4 15  6  2  7 12 14 10  8 11  9  1  5
  4 13 11  6 15  1 10  9 14  7 12  2  8  3  5
