Nb of jobs, Nb of Machines, Time seed, Machine seed, Upper bound, Lower bound
        30        15   98640593 1981283465      1770      1764
Times
 99 43  6 99 23 98 84 24 30 53 34 95 50 48 38
 19 24 65 16 94  9 60 32 59 85  9 36 22 25  5
 54 62 93 78 59 71 49 88 40 13 17 88 47 30 56
 60 16 79 84 84 42 59 14 74 60 98 17 42 31 19
 49 52 46 50  1 14  2 56 64 51 75 28  9 37  6
 59 65 85 40 23 39 99 46 17 94  6 67 69 86  8
 10  7 22 36 31 75 57 49 44 21 77 70 64 46 69
 53 74 93 26 54 89 82 66 37 63 71 17 58  4 46
 76 72 42 17 27 56 78  5 72 19 90 46 43 56 17
 18 79 93 71 48 23 20 90 94 87  6 36 84 25 83
 52 61 45 60 15 74 49 26 94 54  1 58 56 54 72
 63 73 82 84 15 54 52 52 36 21 45 41 21 97 50
 90 90 77 33 31 26 14 75 92 70 55 56 39 49 23
 87 47 58 34 29 83 24 48 97 89 84 82 53 99 10
 35 32 30 93 58 28 88 16 98  4 82 98 26 29 77
 18 92 62 59  3 94 34 56 24 18 66 53 30 41 10
  2 26 17 18 60 39 23 95 81 56 34  8 47 72 56
  6 79 65 58 94 45 80  3 29 80 27 60 94 14 76
 31 79 87 79 57 48 33 42 93 86 54 32  8 16 63
 96  1 75 42 45 51 10 58 71 92 23 18 63 27 63
 84 82 16 61 43 75 28 15 19 93 22  1 62  9  5
 46 29 50 12 72 18 79 73 23  1 58  1 95 25 71
 10 39 49 56 71 40 90 28 89 42  9 92 52  6 20
 70 63 68 97 86 81 38  7 53 48 43 59 88 29 87
 81 97 65 60 15 29  9 80 78 85 95 85 91 28 92
 39  6 59 34 34 32 12  7 35  4 53 69 89  3 40
 98 85 51  9 24  7 59 98 50 98 64 31 31 29  1
 59 68  3  8  2  9 69 14 72 84 69 54 45 59  7
 92 21 53 64 59 79 52 14 61 86 82 98 83 24 87
 51 70 94 80 35 56  8 94 11  3 60 73 26 21 45
Machines
  4 11 15  2  6  9  5 12 14 13  3 10  8  1  7
  7  5  3  4 15  6  8 14 10  1 12 13  9 11  2
  5  3 11  6 13 14  4 12 10  8  9  7 15  2  1
  1 14  5  2 15 10 13  4  9  6  3  7 11  8 12
  7  2 11  5  9  6  3 10  8  1 14 12  4 15 13
  6  7 13  4  1  5  3  9  2 14 12 10 15  8 11
 12 14  2  7  5 13 15  1 11  9  6  8  3 10  4
  6  3  2  5 10 14  9 11 12  4  8  1  7 13 15
  8 14 13  6 11 10  1 12  9  5  3  2 15  7  4
  7  8 15  2 10 12  4  6 11  3  9  1 14 13  5
 11  1  4  5  6 12  8 13 14 15  9  2  7  3 10
  6  1 10 12 13  7 11 15  9  5  8  4 14  2  3
  9  1  8  5  4  2 14  6  7 13 12 10  3 15 11
  5 10 14 13  7  3  8  2 12 11  9 15  1  6  4
  8 15 12  3 11 13  2  4 14 10  5  9  6  1  7
 14 13  5 12  2  1 11  7  6 10  3  8  4 15  9
  1  8 13 15  4  3  9 12 14 10  5  2  6  7 11
  6  7  8  5 13 10 12  4 11  9  2  1  3 15 14
 13  5  4 14 12  7  6  1 11  2  3 10  8  9 15
  1  8  4 12 11  2  9 13  6  7  3 15 10 14  5
 15  6  8  2 11  7 10  4 13  1 12 14  5  3  9
 13 12  7  9 14 11  2  8 15 10  5  4  3  1  6
  9 10 12  4  5 14 11  3  1 13  6  7  8  2 15
 13  9  7 10 12  6  3  8 15  1  5  2  4 14 11
 15 12  9  5 11  6  4  3  7 10 13 14  1  2  8
  8 15  5  1 13 11  9  6  4  2  7 10  3 12 14
 12 13  5 15 14  2  6  9  1  8 11 10  3  7  4
 15  9  8  2  1  7 10 13  6 11  5 14 12  3  4
  9  8 11 15  6 13 10  3 12  2  4  1 14  7  5
  3 13 14  4  1 15  7  6 11 12  9 10  2  8  5
Nb of jobs, Nb of Machines, Time seed, Machine seed, Upper bound, Lower bound
        30        15 1839268120  248890888      1841      1774
Times
 79 31 42 88 16 99 82 53 29 49  9 15 92 73 98
 76 89 48 15 54 37 53 63 44 91 13 73 42 99 41
 49 52 25 89  3  2 40 44 94  7 68 73 73 30 14
 28 49 13 87 62 10 29 62 34  7 47 40 57 80 86
 39 12 34 91 48 71 45 98 23 91 90 41 90 54 87
 30 63 57 36 72 54 69  9 53 72 68 33 61 12 89
 65 40 34 37 64 62 14 78  1 65  2 67 56 75 26
 22 98 67 56 41 89 25 94 76 37  8 84 73 65 74
 44 33 41 52 86 11 60 87 13 40 62 47 39 65 77
 88 31 63 49 50 77  6 80 20 30 11 41 43 74 73
  7 69 69 53 52 33 19 84 12 36 85 74  2 97 52
 33  8 74 75 51 64 55  7 81 82 70 33 84 37 48
 54 97 79 71 70 84 28 14 20 99  6 30 51 68 41
 10 90 14 72 30 77 69 56 78 55 98 91 27 36 86
 92 97 71 13 93 65 44 46 71 69 26 18 31 10 47
 47  5 14 47 81 84 62 91  5 58 77 55 49  5  5
 46 96 61 67  2  9 94 38 66 25 67 57 79 74 47
 74 52 50 43 93 30 85 75 58 47 70 42 62 58 81
  5 42 63 42 28 40 36 49 65  6 14 20 85 41 70
  7 36 54 91 98 31 33 72 21 61  1 30 85 79 32
 79 82 49 51 43 16 44 62 20 12  7  1 64 21 37
 94 75 56 25 89 72 84 71 74 83  6 69 87 19 68
  7 29 15  3 62 53 92  1 27 21 66 92 19 22 48
 75 12 46 37 72 35  6 32 50 33 14 34 93 83 11
 87 56 70 81 80 58 75 48 55 92  9 16 41 71 63
 29 66 18 55 53 81 47 86 33 30 75 73 27 51 67
 60 17 18 61 82 72  5 92 75 91 89 35 53 68 85
 82 54 96 19 20 67 27 77 59 87 40  7 46 32 84
 69 52 26 65 89 51 79 51 27 91 23 59 99 51 70
 62 57 30  5 30 13 39 31 16 68 32 83  4 27 27
Machines
 14  1 11  3 13  9  6  7  5 15  2 12 10  4  8
  8  4  1 13 14 15  9  2 11  5 12  3  7 10  6
 13 15 11  2 14  6  4 12  7  3  5  8  9  1 10
 15 14  2 13  8  1  5  6  4  3  7  9 12 11 10
  8  6  2  4  9 13  3 14  1  5  7 11 12 15 10
 12  6  5 15 11  4  1 10  8 13  7  3 14  9  2
  6  9 13 10  4  3 15  5  2 14  8  1 12  7 11
  8 15  6 10  4  2  5 11 13  3  7 14 12  1  9
 11 15  7  6 14 13  4  9  1  8  3 10  5 12  2
  7  6  5  4 13 15  8 10  2 14 12  9  3  1 11
  6  2  1 12 14  7 13  8  3 10  4  5 11  9 15
 13 14  1  4  3  6 11 12  5  2  8 15 10  7  9
 12  1 10 13  8  3 14  9  6  5  4  2 15  7 11
  6  9 14 11 15  8 10  1 13  3  7  5 12  4  2
 10  4 11  6  3  7  8 12  5  2 13 14 15  9  1
  2  8  3  6  7 10 11  9 15 12  5 13  1  4 14
 14 12  6  3  1  7  9 10 11  5  8  2 13 15  4
 10  9  2 11  4  3  7 12  1  8  6 13 14 15  5
  6 13  4  1 14 11  8 10  7 15  2  5  3  9 12
  6 11 12  8  5  7 10  1  9 13  3  4  2 14 15
 11 15  4  2 12 14 10 13  7  9  1  6  3  8  5
 15 13  9 14  7 10  6  3  8 11  4  2  5 12  1
 12  9  8  7  1 10 14 11 13  6  3 15  2  5  4
  2 10 13  8  6  9 14  3  4 15  7  1 11 12  5
  3  6 14  1 10  4  9  2 13 15  7  5 11 12  8
  2  9  8 15 11  4  6  7  5 13 14 12  1  3 10
  3 15  4 14 11  6 13  8  2  9  1 12  5  7 10
 15  5  4  3 10  1  9  7  8 12  2 14 13  6 11
 10 13  6  5  3  4  1 14  9  8  7 11  2 12 15
 12  7  8  9  6 15 14  4 11  2 13  1  3 10  5
Nb of jobs, Nb of Machines, Time seed, Machine seed, Upper bound, Lower bound
        30        15  573875290 2081512253      1832      1733
Times
 36 32 40 47 87 55 77 27 89 72 93 15 98 95 32
  7 42 84 76 44 66 47 72 24 68  5 35 13 55 73
 59  7 85 57 98 71 61 98  3 61 12 44  7 28  3
 16  3 97 27 97 93 19  9 70 19 92 27 76  1  4
 71 53 36 63 16 35 27 36 79 92 23 60 49 52 19
 48 88 68  6 63 25 28 67 62 53 51 65 97 15 79
 49 65 26 72 60 15 70 26 71 48 79 54 98 81 43
 35 28 88 58 87 18  5 74 43 28 82 34 28 98 73
 83 93 86 62 18 70 67 66 14 62 47 51 90  2 98
 28 94  6 66 79 71 35 57 69 75 84 47 21 66 66
 20 62 37 71 19 63 90 79 87 40 92 15  5 76 45
 71 59 99 70 27 54 82 62  7  5 12 90 92 83 71
 90 79 48 66 86 87  3 49 84 98 46 58 74 11 21
 56 49 93 11  5 32 19 96  7 80 96 17 22 45 84
 93 18 25 69 65 40 85 19 88 78 35 53 46 73 16
 36 18 36 34 64 80 87 40 39 63 42 74 34 87 49
 84 79 63 15 73  1 58 27 67 81 18 35 52 34 95
 64 48 82  1 11 19 27 93 42 83 12 37 55 66 42
 77 13 55 15 72 20 71 45 39 61 73 93 34 62 66
 68 15 97 85 81 53 49 70 96 65 72 76 71 81 77
 62 84 58 36 63 69 10 51 34 27 19 98 21 16 23
 60 17 89 87 52 80 17 30 82 50 53 78 69 77 67
 56 40 32 37 37 12 11 36 85 89 85 32 66 98 79
 32 56 22 95 55 20 46  8 68 49 86 92 25 24 13
 53  1 92 65 10 92 92 48 39 53 49 26 75 84  2
 14 67 84 31 61 63 24 51 22 33 54  8 38  7 67
 68 10 55 30 26 17  4 98 55 45 27 76 96 65 60
  9 24 22 40 47 73 72 70 66 19  3 97 98 85 51
 54 19 72 38 18 84 71 80 46 25 29 57 92 41 75
 16 79 53 98  8 20  2 64 61 78 91 35 55 92 78
Machines
 11 12 10  9  2  8  7  3  6 14  5 15  1 13  4
 13  9 15  4  2  8 14  7 11  6  5  3 10 12  1
 13  1  4 14 15 11  3  7 10  2 12  5  6  8  9
 15  4  8  3  7  6 11  9 12  2  1 10 14 13  5
  7  6  8  5 10  4 14 11  2  1 15 12  9 13  3
  8 12 13 10  9  3  4  6  5  2 11  1  7 14 15
 12 13  2  8 15  7  4  6  9 10 14  5 11  1  3
  4 10 12 15  3 14 13 11  7  8  1  2  5  6  9
 10  3  4 14 11 15 13  2  8  1  7  9 12  5  6
  1  8  4 15  5  9 14  3  2 10 13  6  7 11 12
  3 13  1  5 15 11  9 14  8  4  7 10  6  2 12
  6  3  9  7  5 13 10  2 11  1 15  8 14 12  4
 15  6  1  4  8  2  5  9  3 13 12 14 10 11  7
  6  3 15  7 13  5 11 10  4  9 14  8  2  1 12
  5 10  1  7  2 11 14  4  3 13  6 12  8  9 15
  3  6 13  5  2  8  7 15  4  9 14 11 10  1 12
  7 11  2  9 13  3 12 10 15  6  1  8 14  4  5
  3  1  5 11  4  6  8 13 15 14 12 10  9  2  7
  6  7  9  1 11 12 14 15  8  3 13  2  5 10  4
 14  9 12  8 10 11  4 15  5 13  2  7  3  6  1
  2  7 15  4 13 11  8 14  6  1  5 12 10  3  9
  8 12  1 11  2  3  6  5  4 10 15  9  7 13 14
  7  8 13 14 12  4  9  2 11 10  1  6  3 15  5
  5  7  2 11 13 10 15  8 12  1  6  4 14  9  3
  8  3 11 10  6  4  2 14 12  9  5 15 13  7  1
  4  5 13  1  8 12 11  3 14  6  9  7 15 10  2
 12 13  1 14  7  3  2 10  6  8  4 11  5 15  9
  1 10  9 13  4 15 11  8  3  2  7 12  5  6 14
  5  3  8 12  7  4  2 11  9 10 14  1 13 15  6
 15  7  3  9 11  5 12 14 13  8  4  6  2  1 10
Nb of jobs, Nb of Machines, Time seed, Machine seed, Upper bound, Lower bound
        30        15 1670898570  788294565      1851      1828
Times
  7 11 34 56 14 33 95 64 12 22 87 32 54  5 55
 57 11 33 56  9 71 99 31 52 33 96 46  1 48 55
 90 57 80  8 36  7 41 31 31 48 68 19 25 38 88
 87 24  1 49 63 27 98 22 35 18  7 55 55 87 29
 33 36 75 17  8 55 53 31 95 31 67 80 87  5 58
 75 25 76 72 78 22 81 37 27 85 71 16 86 78 14
 90 54 98 10 75  4 24 10  7 15 43 90 81 49 88
 96 81 92 31  9 65 35 98 85 37 43 96 91  1 36
 40 45 94 21 87 68 35 63 37 53 98 94  6 25 72
 35 55 26 98 23 65 88 71 35 59 84 31 76 13 89
 77 34 60 76 58 63  2 44 91 42 53 45 45 59 99
  6 56 47 95 36 63 85 47 60 35 82 90 30 76 94
 58  2 69 19 64 27 17 33 48 81 86 28 94 71  3
 93 40 95 36 38 47 24 97 11 55  7 68  3 44 47
 79 33 65 57 55 78 31 60 79 25 76 96  5  5 38
 75 29 77 50 31 50  5 25 70 38 91 71 84 80 76
 64 85 96 11 73 41 50 27 40 54 63 74 84 76 58
 66 75 54  4 16  6 89 29  3 10 93 53  8 59 22
 17 76 84 45 70  5 55  7 26 59  2 18 66 58 99
 57 84 50 54 92 34 58 51 34 60 42 66 18 11 59
 85 31 29 18 46 29 49 37 42 18 77 67 61 46 91
  2 66 75 83 63 62 71 20 42 59  4 67 95 76 80
 46 83  7 37 60 76  6 84 82 94 36 79 46 90 94
  8 60 99 70 22 91 68 87 11 51 66 19 28 47 66
 91  2 39 12 11 17 86 68 88 86 78 75 86  5 79
 18 90 91 21 45 31 66 49 95 11 57 31 36 57 88
 56 18 45  9  4  2 96 60 45 57  5 49 90 31 97
 95 96 41 75 61 65 19 38 78 85 29 65 77 67 84
 64 62 52 21 82 27 93 65 32 47 66 39 45 78 26
 22 52 36 31 41 92 98 68 57 32 82 39 83 48 85
Machines
  8  1 13  6 12 11  9  3 14  7  5  4  2 15 10
  8 12  7 11  4  2  5  3 15  9 13 14 10  6  1
  2  3  9  6  5 11 13 15 14  7  8 10 12  1  4
  8  6  3 11  2  4 14  7  9 13  5 15 12 10  1
 14 13  1 10  4  6 11 15  5  9  2  7 12  8  3
  9  7  5  4  6 12  1 13 10  2 14  3 15  8 11
  4 10  6 14  9 15 13 11  3  1  2  7  8  5 12
  7  9 15  4 11 12 13  5  8  2 10 14  3  6  1
 13  9  4  1 15  7 12 11 14  2  8  6 10  3  5
 15 13 11 12  4  6  9  3 10 14  1  5  8  2  7
 12 14  8 10 13 15  3  6  9  7 11  4  5  2  1
 10 11 12  5 14  9  2  3 15  1  6 13  7  4  8
 10  4  7  5 11  9 13  6  2 15 12 14  1  3  8
 14  8  6 15  1  7 13 10 12  4  3  2  5 11  9
 11  3 10  6  4 15 14  2  5  1  8 13 12  9  7
  2  5  4 10 15  1  6  8  3 12  9 11 13  7 14
 14  4  6 10  8  2  5 11  7 12  1 15 13  3  9
 15  1  2 10  8 12 11 14  7 13  3  6  5  4  9
  8  6 12 15  9 14  4  7 10  5  2  3 11  1 13
  6  2  9  3  7 10 13  8  5 11 14  4 15  1 12
  9  6  2 12 11  7  8  5 13 14  1 10  4 15  3
 10  3  6  5  1  9 15 11  4  2  7 12 14  8 13
 15  2  1 13 11 14  7  4  9 12  6  5  3 10  8
 11 13  2  8  6  9 12 10 15  4  3  7  5  1 14
 14  3  2  6  5  9 15  1 12 11  8 13  7  4 10
  2 14 11  1 13 12  5  4  8 10  9  6 15  7  3
  6  8 11 15 13 12  3  1 10 14  5  7  2  4  9
 12 11 10  8  9  2  4  7  3 13  1 15 14  5  6
  3  9  1 11  2 14  6 13  4 12  5  8 15  7 10
  2  9  6  4  7 14 12  1  5 10 11 13  3  8 15
Nb of jobs, Nb of Machines, Time seed, Machine seed, Upper bound, Lower bound
        30        15 1118914567 1074349202      2007      1754
Times
  4 27 90 76 76 16 38 72 80 94 97  5 44  9 23
 47 48 69 84 25 34  8 32 62 90  2 92 55 25 37
 87 54 76 80 17  1 26 36 12 56 71  6 42 89 96
 25 11 69 38 98 50 98 50 19 76  6 95 19 37 34
 10 32 94 22 55 58  6 78 36 56 16 22 59 41 63
 12 59 95 93 93  7 95 10 23 48 84 64 14 90 69
 43  1 27 30 25  3 94 77  6 42 17 76 29 63 59
 14 59 27 59 56  6 48 43 27 27 43 32 11  5 25
 14 47 21 32 29 40 63 25 49  4 67 27  9 75 15
 70 97 52 22 87 87 36 86  2 93  1 16 70 99 43
  5 28 77 23 63 69 35 22 90 46 67 63 63 24 79
 69 25 65 29 51 88 70 25 58 20 24 38 34 71 66
  4  4 34 21 60 55 70 68 80 56 29 97 84 66 50
 88 81 50 38 52  7 33 46 59 38 14 66 72 80 97
 35 88 98 78 86 13 94 25 50 76 89 41 53 10 99
 42 16 44 40 35 71 52 35 98 73 92 44 35 79 17
 46 55 74 80 89 61 34 75 39 47 70 84 26 44 82
 77 40 43 76 69 42 25 34  8 77 57 56 80 12 89
 96 53  3 49 76 37 50 73 98 44 89  2  1 99 89
  7 91 32 44  2 66 62 22 23 92 70 31 10 94 89
 46 15 23 70 57 67 58 92 66 55 13 33 64 36 21
 39 35 90 67 70 94 48 76 93 46 34 58 74 49 80
 99 10 90 60  5 17 24 83 37 59 17 99 42 72 36
 94 69 47 96 30 29 22 26 99 13 59 66 89  1 24
 91 21 42 79  8  9 66  1 59 36 54 52 87 82 33
 31 93 68 72 22 85 40 76 48 83 89 83 43 69 67
 64 59 63 54 21 79 35 95  7 67 15 89 54 98 26
 14 93 87 15 40 20 61  8  8 57 14 90 16 36 59
  2 87  8  2 12 35  6 73 82 37 19 81 19 12 60
  4  9  7 59 29 39 55 18 70 14 47 75 78 99  9
Machines
  4 12 15  6  9  7 14  1  2  3 10 11  8 13  5
  1  4  5  9 10 11  6  2 13  8 14 15  3  7 12
 13 11  6  9  8 15 12  3  2  7 14  5 10  4  1
  6  1 10  2  9 15 11  8 12 14  4  5 13  3  7
 13  7  4 12  3  9 15  6  1 10 14  5  8  2 11
  7  8 15 14  1  3  9  5 12 10  4 13 11  6  2
  9 13 10  8 12  6  7 15  5 14  1  2 11  3  4
 13  8 11  2  6  5 10 14  3  1  4  7 12  9 15
  9  8 14 13 11  7  2  4  5  3  1 15  6 10 12
  9  8  7  4 15  2  1  3 13 12 11  6  5 10 14
  3  9 14 12  2  6 13  4  7 11  8  5  1 15 10
  2  7  9  5  8  6 14  1 15 12 11  4 13  3 10
 15 14 10  9  8 13  2  5 11  7  3  4  1  6 12
 10  3  7  2  1  4 13 15  9  8  5  6 12 14 11
 12 11  9  4  6  8  3 15 14  7 10  1  5  2 13
  1 14  9  7  4 11  8 12  3 15  6 10  2  5 13
 10  6  2 13 12  3 15  8  5  9  4  7 14 11  1
 14 13  5  3  9 12 15 11  2  4  7  6  8  1 10
 13 15 11  6  3  8 12 14  9  7  4 10  2  1  5
  8 13  1 11 14  9  7  6 10  2 15  4 12  5  3
  7 13  8 12 14 15  4 10 11  5  2  9  3  6  1
 10  3  4  2 11 12  6  9  7 15  1 14  8 13  5
  1 15  2 13  6  9 12 11 14  7 10  3  5  4  8
  9 11 14  6  8 10  7  1 12 13  2 15  5  4  3
  4 11 10  1  6  3 13  5 15  9  7 12  8  2 14
 11  8 13  4  1  9  7 15  6 12 10  5  3  2 14
  1 14  3 13  6 12  7  9  5 10  4  8 11  2 15
 15  4  1  8  9 10 13 11  5 12 14  6  2  3  7
 14  2  6  7  3 15  9  8 10 11  4 12  5 13  1
 11  8  2 15  9  6  3 14  1  5 10 13 12  4  7
Nb of jobs, Nb of Machines, Time seed, Machine seed, Upper bound, Lower bound
        30        15  178750207  294279708      1844      1777
Times
 96 86 75  3 97 88 88 66 16 63 73  3 63 91 33
 21 33 38 94 79 36 50 83  4 83  7 26 87 15 90
 88 37 94 65 24 86 96 94 81  2 93  5 23 45 11
 62 61 37  1 10 21 88 24 61 42 54 92  4 38  9
 52 87 37 27 76 69 76 74 86 46 84 48 16 91 28
 35 53 46 99 17 78 84 88 60 53 27 33 88 75 13
 79 72 25 52 24 98  4 99 17 52 85 48 85 99 72
 77 80 44 73 46 60 25 67 18 17  4 73 32 67  6
 51 26 29 57 54 16 41  2 15 88 47 10  2 75 16
 27  1 88 44 17 20 50 40 40 65 10 50 11 36 81
  6 36 67 73 30 97 62 11 80 25 60 42 42 40 55
 59 86 89  8  4 16 67 43 74 97  3 12 55  3 29
 22 88 39 91 25 23 38 14 72 87 78 42  3 31 83
 74 69 59 74 61 83 82 43 42 43 20 51  7  5  7
 75 71 45 92  9 48 20 28 25 14 61 39 65 28 49
 94 12 33 35 57 33 22 47 87 47 61 42 84 12 58
 71 35 70 67 86 42 72 52 73 44 96 42 96  3 94
 70 30 48 57 66 95 95 17 64 70  6 99 63 33 27
 80 93 15 86 33 65 44 22 86 93 92 88 65 39 14
 91 42 14 17 50 16  2 36 47 11 34 29 71 78 55
 76 67 35 93 13 58 24 10  6 49 40 61 72 97 17
 89 86 45 59 16 52 39 83 11 56 30 60 80 43  4
 49 44  3 73 49 63 20 68 40 37 17 66 92 82  5
 69 57 34 67 73 60 93  1 43 67 85 80 80 81 98
 55 27 50 96 42 76 33 82 82 87 93 42 20 97 15
  8 79 24 19 73 82 47 90 97 93 69 47 68 44 54
 52 11 98 44 14 38 57 50 40 89  2 73 19 40 96
  5 52 45 17 94 44  9 18 37 84 28 78 28 68 64
 23 63 57 57 22 71 69 15 19 88 25 83 62 54 68
 47 96 11 99 28  8 50 18 97 10 54 50 67 16 79
Machines
  3 14 10  2  5  1 15 13  7 12  6  8  4  9 11
  4 12 15  2  6  1  9 11  3  5  7 10 13 14  8
  3  9  7  6  5  8  1 15 12  2 11 13  4 14 10
  7  1  9  8  5 10  3 15 13 11 12  2  4  6 14
 13  4  6  1 11 12 14  7  8  5  9  3  2 15 10
 12  2  4  1  6  9  8 11  5  3  7 10 13 15 14
 11  2 12  6 10  5 14  4  8  1  9  7 15 13  3
 13  2  5  6 14 10  3 15  8  4 12  9  7 11  1
 11 15 12 10  5  1  4  3  7  9  6 14  8  2 13
 15  3  4  2  6 10 11  5 12  1  9  8  7 14 13
  8  7 13  2  3 12  4 15  5 14  6  1  9 10 11
 15  4 14  1  8 13  7  2 12 11  3  9 10  5  6
  4 12 14  9  3  2 11 15  5 10 13  6  7  1  8
  9  1 14  2  7 15 11  5  6 12  3 10  8 13  4
  6 13  5  7 15  9  4  8 14 10  2 11  3 12  1
  3  6 13 12  2  5  8 15  1 10  9  7  4 14 11
 11  4  2  5  8  6  3  1 15 13  9  7 14 10 12
  3  7 14  5  4  9  8  6 15 11 10 13  2 12  1
  3  1  7 12  6 13  8 15 14  5  4  2 11  9 10
  7  6  3  4  1  8 11  2 15  5  9 14 10 12 13
  6 14  3 15 12  1  7  5  2 10  8 11 13  4  9
 13  7  1 15 10 11  6  5  8  4  9 14 12  2  3
  2  6 11  5 13  4  1  8  9 15 10 14 12  3  7
 14  4  9  3 15  7 11  8 10  2  5  1  6 12 13
  9  2  4 13  1  3  5  7 15 10 14 12  6  8 11
  3  1  8  6 12  9 14  2 15 10  5 11  7 13  4
  8  7 10 12 11 14 13  1  6  2  5  4  9  3 15
  8  1 15 11  4  3 12  6 13  2  7  5  9 14 10
 11 15  6  2  7  5 14  9  3 12  1 10 13  4  8
 14  2  3  1  7 13 11  8 10  6  4 12  5  9 15
Nb of jobs, Nb of Machines, Time seed, Machine seed, Upper bound, Lower bound
        30        15 1549372605  596993084      1815      1771
Times
 96 47 40 68 49 91 57 81 87  6 82 47 97 94 75
 42 55 82 61 67 79 39 43 62 41 78 36  8 21 91
 52 28 48 25  2 98 95  7 68 96 72 50 68 54 37
 81 59 46 61 43 71 24 71 30 87 86 10 10 93 94
 30 71 65 13 30 22 46 70 88 78 79 57 71 58 36
 68 32 32 15 98 95 57 66 43 31 34 60 73 56 40
 27 42 24 12 22 57 93 58 67 64 30 16 21 19 33
 43 51 53 62 58 38 84 65 87 26 95 61 77 49 49
 93 81 55 59 70 68 97 57 48 92 82 89 87 13 54
 60 33 66 96 23 36 28 53 78 78 94 72 47 28 87
 98 89 27 34 88 15 64  5  4 63 69 82 29 53 69
 97 87 50 68 76 74 89 15  5  2 79 59 93 19 86
 60 47 13 62 95 67 89 11 29 52 62 31 51 55 39
 76 92 85 20 61 14 62 52  5 63 29 85 79 52 51
 61 45 93 51 97 46 88 28 57 45 23 91 66 73 41
 49 58 32 30 59 57 14 33 14 59 41 59 50 67 53
 94 52  7 51  8 99 97 66 98 58 52 43 80 23 18
 97 57 72 97 12 70 33 72 14  2 99 30 18 95  2
 64 75 63 14 55 10 89 89 24 32 70 79 71 42 14
  1 82 27 22 44 97 76 16 27 24 98 25 82 75 15
 26  4 18 51 47 27  6 84 72 29 91 76 78 36 93
 35 39 89 53 85  7 90 16 70 49 73 13 12 89  9
 56 40 51 47 77 65 84 93 54 66  6 36 87 41  7
 56  1 57 45  3 14 74 29 65 43 13 42 67 45 78
 81 72 99 52 69 39 74 47 29 73  6  5  2  8 25
 17 64 97 94 99 68 36 21 22 61 43 93 82 91 86
 20 28 98  7 18 37 60 47 62 75 42 52 97 46 98
  9 15 85 55  7  6  3 27 11 31 90 81  5 86 30
 53 87 93 62 19 12 53 73  4  1 65 35 65 23 40
 13 22 34  5 68 81 53 66 96 50 40 70 92 13 43
Machines
  5 13 10 12  6 15 11  1  3  2  8  7  4  9 14
  1 10 15 13  2  5 12 11  7  4  3  8  9  6 14
  1  6  4  9  8 15 13 14 10  5 11  3 12  7  2
  7  6  4  5 15  9 13 11  8  3  2 10 12  1 14
  9 14 11  1  7  3  8 13 12 15  2  6  4 10  5
  6 10 14  3 12  1  8 15  5  7 13 11  9  2  4
 10 11  8  9  2  5  7 14 15 13  1  4  3 12  6
  8 10 12 14 11  2  6 15  9  3  5  7  1 13  4
 11  4  3 15 13 14  9  7 12  1  2 10  8  6  5
 12  4 11  2  1 15 14  3  6  5  8  7 10  9 13
  6  3 10  9  4  5 11 13  2 12 14  8 15  7  1
 14 15  2  1 10  3  5 12  4  6 13  7  9 11  8
  2 15 13 10  6 12  4 11 14  5  1  3  9  7  8
 12  5 14 15  8  7  3 10  2 13  1  6  4  9 11
  7 14  1  6 12 10  4 13  3  9 11  5 15  2  8
  9  5  8 14  7 15 10  2 13  6  3  4  1 11 12
  8 12  3 13 11  2  6 15  4  9  7  1 10  5 14
  7  9 10 14 11  4 15 13  8  2  5  1  6  3 12
 13 11  8  5  2 12  1  7  4  9 15  6  3 14 10
 10  6 13 12  3  8  1 14 15  2  7  9  4 11  5
  8  4 14  9  7 12  3 15  5 10 11  2  6  1 13
  1  2  3  7 15  6  4 13 11 14  8  5 10  9 12
  2  4  7  6  3  9  1  8 11 15 13 12 10 14  5
  7 12 10 14  4  1  2 11 13  3 15  5  8  6  9
  3  4  1  5 10  2 13  6 11  9 14 15  7  8 12
  8  5 10 12  4  6  2 11 15 13  9  3 14  7  1
 10 13  8  6  3 11  5 15  9  7  2  1  4 12 14
 11 15 12  1  5 14  2 10  8  7  6 13  4  9  3
 14 15  6  5  7  2  1 13 12  4 11  3 10  8  9
 15  7  9  3  8  6 12 11  5  1  4 14  2 13 10
Nb of jobs, Nb of Machines, Time seed, Machine seed, Upper bound, Lower bound
        30        15  798174738  151685779      1700      1673
Times
 81 59  8 88 14 18 22 52 75 33 23 69 42 26 54
  4 79 76 59 42 28 75 60 41 14 99 58 41 66  1
 37 63 46 79 38 44 18 45 55 78 79 27  6 21 70
 58 63 56 27 37 51 37 31 24 73  7 72 34 32 27
 95 33 81 23 26 12 32 60 89 78 20 35 35 34 17
 64 11 58 70 31 74 82 31 65 90 63 81 80 70 82
 99 28 63 81 86 10  7 17 22 45 92  1 37 37 43
 86 92 74 93 42 28 59 77 81 41 11 45 62 22 57
 12 90 70 89 37 56 21 74 63 39 37 83 78 66  6
 38 67 27 11 45 21 73 47 31 24 59 91 46 48 42
 63 17 59 27 81  7 19 52 74  9 50 59 41 64 96
 81 91 10 46 65 73 59 93 75 47 61 86 65 29 21
 63  9 81 37 32 62 93 63 53 99 62 10 85 43 25
 26 46  7 50 68 81 88 66 90 51 62 29 87 41  8
 90  8 63 57 23  5 20  6 31 42 86 76 98 45 86
 11 94 42 95 43 51 42 39 82  1 96 36 74 74 74
 12 77 13 31  9 39 57 25 55 60 87 55 85 12 78
 55  4 12 42 46 89 44 33 15 73 47 72 81 79  6
 77 44 62 17 70 19 69 70 30 97 82 36 19 33 50
 98 42  4 26 84 34  3 59 52 70 49 42  6  7  6
  2 84  1 76 10  2 75 10 97  3 18 53 31 84 17
 63  6 77 85 20 28 81 76 33 76 27 87 13 37 62
 20 70 89 60 64 39 67 78  7 46 25 49 27 76 98
  3 22  9 66 39 51 30 92 94  8 24 27 88  9 65
 79 33 62 85 17 64 66  2 71 88 64  3 44 60  6
 91 24  5 31 53 53  8 15 11 53 22 83 50 81 52
 87 62 84 91 53 17 72 13 92 92 16 13 13 69 44
 83 62 61 26 14 69 34 61 12  2 27 51 64 14 82
 54 82 68 83 71 81  6 42 22 22 94 25 53  5 70
 67 72 47 35 78 34 67 86 89 69 46 57 87 22 87
Machines
  3 14  2 10  9 13  5 11 12  4  7  8 15  6  1
  7  4  1 11 14  8  5 15 12  6  2  9 13 10  3
  5  7 13 12  1  8 15 14  6  2 10  9 11  3  4
 12  5 15  1  2 10  3  9  6 11 13  4  8 14  7
  1  6 12  2  8  5 15 14  3  7  4 10  9 13 11
 12  6  4  3  1  2  5 13  8  9 14 15 10  7 11
 12 10  7  8  3 15 13  6  2  4 11 14  5  9  1
  5 12  9  3  6  7 13  8 14  1 10  2 11  4 15
  2  3 13  8  6 14 11 10  5 15  1  9 12  7  4
 12 13  9  8 11  4  7 10  3  2  1 14  5  6 15
  4  3 15  8 10  7 11  1 12  2  6  9 13 14  5
  2  6 14  7  9 11  4  3 13  1 10  5 15  8 12
  3  9 14  6 10  1 13  2  7  4  8 12 15  5 11
 12 13 10 14 11  5  6  8  9  4  3  1  2 15  7
 12 14 13  8  7  6  1  2  4 10  5  9 15 11  3
  1  3  2  7 10  4 13  6 14  9  8  5 15 11 12
 15  9  2  4 14  5  1  3 11 12 13  7  8 10  6
  4  6 11  2  5  7  9 15  8 12 13 10 14  3  1
  1 13  2 14  4  5 10 15 12 11  9  6  3  8  7
  2 10 14  8  1 11  3 12 15 13  9  7  5  4  6
  5  3  4 13 14 11  7  8 10  9 15 12  6  1  2
  9 12  4  7 13  3 11 10  8  5 14 15  1  6  2
  5  2  7 11  9  4 12 13  3 10  1  6 15 14  8
 14 10  6 13  7  9  4  2  8  3 12 15  5 11  1
  4 11 15  6 12  8  9 14  2  7  5 10 13  1  3
  1 13  7  2  5 10  8 11 15  6 14 12  9  4  3
 11  3  1  6  5 10 14 15 13  9  8  4  2  7 12
 10  4  9 14  5  7 15  6  3 13  1 11 12  2  8
 15  3  7 11  2  6 12  8  1 10 14  5 13  9  4
  7  8 13  6  5 10  2 14  3 11  9 15 12  1  4
Nb of jobs, Nb of Machines, Time seed, Machine seed, Upper bound, Lower bound
        30        15  553410952 1329272528      1811      1764
Times
 20 56 69 15  6 75 84 24 64 37 79 95 27 60 35
 27 58 56 30 30 57 55 63 32 43 44 74 46 11 41
 43 75  8 71 50 56 13 14 99 57 86 28 37 83 70
 68 66 27 33 47 73 87 70 21 22 30 10 11 10 17
  6 49 11 69 50 50 12 73 84 92  1 84 88 52 46
 14  7 11 79 45 22 85 67 64 75 22 35 65 30 68
 67 17 58 20 45 55 53 10  3 66 63 36 93 40 85
  8 27 68 39 24 67 32 42 54 18 58 75 37 63 16
 83 27  3 25 68 63 33 86 12 22 75 16 44 80 48
 93 54 81 14 69 66 20  2  6 88  7 73 66 66 81
 62 81 36 86 95 92 46 10  6 18 41 70 29 22 15
 47 38 59 97 62  9 21 30  8 23 74 48 14 68 55
 67 26  3 83 73 19 12 81 15 34 88 54 35 58 69
  7 42 32 93 97  4 98 80 90 58 40 15 34 58  3
 68  3 39 51 71 77 44 43  6 38 10 81 42 28 65
 29 12 64 55 77 20 78 39 88 47 81 41 18  7 40
 61 26 24 60 76 57 67 28 61 60  3 20 47 26 90
 33 82 36 51 97 19 63 27 35 28 26 13 66 11 26
 49 71 99 67 77 20 96  1 88 21 81 84 49 92  7
 83 17 92 87 17 61 31  1 67 80  8 16 50  9 69
 38 73 86 65 83 25 35 22 81 14 19 42 21 30 83
 67 61 96 44 13 38 51 90 84 30 13 60 20 14 82
 87 75 24 67 20 96 76 61 44 51 90 40  4 16 51
 22 52 35 58  1 62  4 68  8 39 48 76 51 25 37
 34 51 27 40 11 96 81 88 90 32 62 52 91 54 96
 40  1  3 71 20 52 92 73 17 87 81 35 24 23 93
 58 65  1 81 34 48 82 32 23 44 20 80 85 56 90
 82 61 68 65 48 88  2 76 37 72 18 11 33 24 65
 94 14 17 25 57 81  8 81 59 97 43 34 55 36  2
 23 64  7 89 13 96 84 91 20  3 45 50  1 41 57
Machines
  6  4 13  7 10  2 15  5  3 14 11  1  9 12  8
  2  8  1  3  5 12 11 15  6 13  9  4 10  7 14
 10  2  7  5  1 11  6 14  8 12 15  3  4  9 13
  6  9  7 15  2  1  4 12 13 11  8 14  5  3 10
  1 12  2  6 10 14 15  3  8 13  4  9  5 11  7
 13  2 11  8 15 10  1  3  7 14  9  4 12  6  5
  9 13  4 12  7  6  3  8 11 14 15  2  5  1 10
  9  5 11  1 15  3 13  2  7 10  4 14  8  6 12
 13  6  4  9  5 12  8 15  3  2 14  7 10 11  1
  1 10  6 15  2 14  7 12  8 11  5  9  3  4 13
 14  7  5  8  3  9 13 11  6 12  1  2  4 10 15
  7  1  8  9  5 14  3  2 10 15 13 11  6 12  4
  7  1  5  8  3 13 11  9 14 12 15 10  4  6  2
  4 13  6  2  7  5  8  3 12 10 14 15  1  9 11
 12  4  2 14  8 10  9 15 11  5  7  3 13  1  6
  8 14 10  5 11  3  1  7  6  4  9  2 15 12 13
  8  6 15 11 14  7  4  3 10 13  5  9  2  1 12
 14  8 11  2  6 12  9  1 15  7  5  4 13  3 10
  6 11  8 12 15  2 13  1 14  3  5  7  4 10  9
 11  8  6  3 12 15  4 10  1  7  5 13 14  9  2
 12  4  7  3  8 11  2 14  1  5  9  6 15 10 13
 11 10  1  4  5  6  9 12  2  8  7 15 13 14  3
 11 10  1  5  8  3  2 14  7 15 13  9 12  4  6
  7  1  8 14  6  4 15  2 10 13  9  3  5 12 11
  8  7 12  6 14 13  9  5 15 10  1  4  2  3 11
  8  6 11  7 12 14 10  1 13  3  9 15  2  4  5
 14  8  3 10  2 12  1  6  9 11 13  7  4 15  5
  8 10  5 15 14  3 13  4  9 11  1  7 12  6  2
 10 13  8 12  5  6  1  2 14  9  4 11  3  7 15
 11 12 15 14  6  2 13 10  4  7  9  3  1  5  8
Nb of jobs, Nb of Machines, Time seed, Machine seed, Upper bound, Lower bound
        30        15 1661531649 1173386294      1720      1608
Times
 76  4 98  1 51 92 75 47 35 70 21 20 79 81 63
 71 85  3 45 13 57 26 63 38 91 73 59 74 37 65
 60 74 35 73 49  1 92  5 41  2 95 28 37 78 86
 95 73 23 77 47 24 29 88 69 49 28 66  4 41  3
 28 26 71 81 36 96 95 45 10 55 87 65 54 26 60
 40 36  5 78 63 96 25 86 85 56 25 30 98 78 41
 90 15 89 87 52 59 22 42 46 60 54 87 22 97  1
 51 75  2 86 19 88 20 88 24 42 90 20 29 20 50
 11 96 92 94 78 63 44  8 68 77 52 74 43 10 87
 75 78 27 27 82 91 88 76 37 43 52 71 45 99 70
 47  8 99 85 11 16 24 10 10 12 37 39 38 76 91
 62 98 68 14 57  2 52 36 58 54 99 57 52 90 58
 53  6 65 68 53 66 15 83 80 73 86 57 23 88 37
 73 65 54 95 12 69  4  7 12 82  5 22 15  2 38
 59 49 29 69 79 57 27 62 57 22 29 42 59 20 86
 81 24 55 95  2 94 38 43 15 52 54 66 64 24 29
 20 25 70  6  3  5 73 25 58 36 91 22 61 38 33
 61 20 21 22 22 69 98 12 30 98 28  8  7 51 66
 77  3 11 23 56 30 77 64 52 70  3 97 93 54 15
  1 22 99 34 48 15  9 67 85 41 13 48  7 66 55
 44 94 33 28 23 31 10 15 50 68  7 50 79 76 89
 73  2 76 26 50 93 93 35 64 42 17 26 60 73 57
 79 56 22 39 27 38 14 55 64 99 28 97  7 92 71
  2  3 33 74 69 58 99 79 84 92 98 41 37 12 12
 46 23 48 69 71  9 94 44  1 26 93 54 24 77 44
 83 86  6 61 39 72  1  8 17 60 41 16 21 21  6
 28 59 62 97 52 58 49 83 11 49 24 56 43 34 23
 75 82 75 94 67 15 23 57  4 51 23 40 63 97 20
 14 33 16 14 24  1 20 96 75 36 92 74 13 79 48
 33 89 89 49 58 32 95 64 11 13 43 98 32 56 62
Machines
  6 12  2 10  7  5 14  4  8 11 13 15  3  9  1
 12  9  5 10  2  3 13  6 11 14  7  8 15  1  4
 10  3  1 14 11  7 12  4  9 15 13  6  8  5  2
 13  2 14  6 15  1  9 12  8  4  5  7  3 11 10
  6 11 13  9  8  3 15 10 14  5 12  1  7  2  4
  5 12  3 15 13  6 11  9  2  7 10  1 14  4  8
  3  4  1  7 15 12  8  6  5 13 14  9 10  2 11
 15  6  7  9 10 11  2  3  5  8 12  4 14 13  1
 14  3 11  1  7 10  9  8  5 15  6  2  4 12 13
  7  2 15 11  8  3  5 12  1 14 10  9  4  6 13
  5  7  8 14 12  9 11  6  4  1 10  3 15 13  2
  6 14 10  3  1 13 15  8  2 11  4  7 12  9  5
 13  7  3  1 11  4 12  5 15  6  8 10 14  9  2
  4 13  5 11  9  8  6  2  7 12 10 15 14  3  1
 11  7 12  6 14  4  2 13  1 15  9  3  8 10  5
 11 14  2  5 12  6  7  8 15  4  9  3  1 13 10
  3  7  6 14  5 11 15  8  1  9  4 13 12 10  2
 15 14  3  2  5 10 12  1  4 13  9  8  7  6 11
  8  1  4  9  3  5 11  2 14  6  7 13 15 12 10
  1  2 12 15  6  3 10 14  9  5  7 11 13  4  8
 13 12 14 11 15  5  9  2 10  4  8  6  1  7  3
 11  1  2  5 15 14  8 10  3  4 12 13  9  6  7
  1 12  9  6  7 10 15  5  3 14 11  8 13  2  4
 13  6  2  8 14  5  9 12  1 11  7 15 10  3  4
  6  9  4  5 14 10 13 11  2  8  1 12  3  7 15
  1 15  4 13  7 11  9  8 10 14  3  2  6  5 12
  9  5 15  8  3 14 12 13  1  6  7  4 10 11  2
 13  3  1  4  6 14 15  2 12  5  9  8 10  7 11
 11  4  3 14  9  7 12 10  1  2  5  8  6 15 13
  6 11 12  5  1  3  4 10 14  9 13  8  7 15  2

