Nb of jobs, Nb of Machines, Time seed, Machine seed, Upper bound, Lower bound
        30        20 1841414609 1357882888      2064      1850
Times
 59 72 92 35 17 48 57 18 55 51  8 68 90 39 79 40 66 55 62 66
 42 60 52 14 83 95 36 28  4 31 14 23 71 95 69 17 13 23 78 51
 93 12 34 32 59 73 46 25 82 90 70 27 82 85 40 35 61 92 98 53
 31 95 36 61 92 24 70 15 76 50 18 30 93 62 83 16 75 29 35 31
 27 10 93 26 64 70 16 48 46 37 89 83 71 72 45 73 97 12 57 62
  9 16 75 21 49 97  5 20 26 50 26 20  8 96 50 84  7 52 73 43
 20 76  3 45 53  6 83 77 21 52 32 27 93 81 78  6 93 60 12 35
 41 59 37 89 87 32 98 24 30 84 49 84 44 16 43 65 44 83 71 71
 46 36 60 59 53 58  8 33 70 93 38  5 75 23 98 90 18 62  4 56
 27 31 45 57 79 14 82 96  4 17 46  3  7 42 24 86 67 79 43 17
 72 54 51 87 52  4 35 62 15 45 84 65 85 49 98  5 81  8 72 33
 31 86 46  3 63 58 81  7 54 39 46 92 96 57 40 49 57 86 20 91
 35  5 43 84 77 20 84 70 79 52 92 34 39 30 65 11 88 32 80  2
 59 36 72 46 48 72 76 48 69 62 30 48  7 89 37 49 30 52  1 56
 18 35 61 23 46 12 38 59 50 75 60 57 63 89 71 52 83 86 81 98
 33 14 19 84 69 59  2 83 12 21 73 83 26 94 65 98 83 45 40 89
 63 72 80  2 94 11 25 10 90 73 20 92 11 85 63 97 38 13 42 59
 95  4 95  6 67 30 88 26 57 61  9 35 23 47 46 96 19 54 75 11
 64 79 87 91  2 61 31 85 53 77 25 94 43 13 40 59  3 80  7 98
 56 12 74 42 98 75 18 98 20 72 34 74 10 98 12 95 33 69 93 81
 73 38 25 92 38 91 95  2 79 41  3 99 83 18 12 71  4 66 20 53
 61 24 24 22 85 56 98  5 29 73 27 99  4 99 63 25 61 51 84 30
  5 17 40 88 30  3  1 96  9 94 69 72 90 14 41 50 69 38 12  1
 55 19 61 61 97 76 38 69 24 62 24 94  3  5 84 43 73 76 47 91
 85 98 68 57 63 58 74 52 59 47 73 79 48 38 88 85  4 44 37 75
 44 32 38 93 40 56 80 90 74 82 59 91 40 26 74  7 49 88 60 35
 75 73 13  4 77  5 57 98 60 99 12 14 25 86 13 93 41  1 53 54
 33 75 97 31 84 49 51 30 62 67 84 45 48 62 64 87 14 76 42 71
 74 98 11 96 39 31 54 49 51 40 21 19 44 76 64 43  9 30 66 17
 31 77 92 27 71 82 36 33 48 91 49 39 91 47 74 17 62 28 91 58
Machines
  6 14  4 16 20 10 11  7 13  5  3 15  9  8 17 12  1 18 19  2
 14  3 16 13  5 10  4  8  6  1  9 15  7 20  2 11 19 18 17 12
  9  6  3 19 18 15  1  5 12  4 17  8  7  2 13 16 11 20 14 10
 14  9  1 12  4 15  8  5 19  7 20  6  3 10 11 16 18  2 13 17
  9  7  3 14 17 12 16 13 10  5 20 18  6  4  8  2 11 19 15  1
  2 14 11  1  3 13 20  6 18 17 19  5 16  9  8  7 15 12  4 10
  3  4 17 18 11 16 14 13 10 20  9  1 19 12 15  2  6  8  5  7
 13 11 18  5  4 12  3 20  9 10 14 15  8 19 16  7 17  2  6  1
 11 15  4  1  8 18 20  3 12 17  7  5 19  2 14  6 13 16  9 10
  1  3  4 10  9 13 17 14  5 11  7 20 16  2  6 18  8 15 19 12
  2  5  1 11 16 12 17 10 20 14 15  9  7 18 19 13  3  8  4  6
  7  6 10 11  1  3  4 13 12  8 14  9 20 15 17  5 18  2 19 16
 14 20 12  6  3 16 15  5  4  7 11  2 13 19 10  8 17 18  9  1
 11  4  5 10 18  9  1 20  3 12 13  2 19 16  6 17  7 15 14  8
  5 15  9 16 12 10 11  2 18 17  6 19  7 14 20 13  8  4  3  1
  5 10 19 20  4 18 16 17  6  9 12 15  1  3  2 13  7 11 14  8
 18 11 14 20  1 13 15 19  3  6 12 17  8  5  9  2 16  7 10  4
 20 14 10  4  7 18  8 17  6 15 16 19  1  3  2 13  9 12 11  5
 10 12 18 14  4  2 11 17  1  6  8  7  5  3 19 16 15 20  9 13
 18  9 14  8  5  1  7 10 17 19 12  6 11 13  3 20 16 15  4  2
 18  3  8 17  7 13 15 10  4 19  1  5  6  9  2 20 11 12 16 14
  1  8 17 13  4  7 20  3 11 10 19  9 14  6 12  5 16  2 18 15
 11 19  5  6 13  7 10  2 12 14  9  8 18  1  3 15 20 16 17  4
 15  1  6 12 10 20 11 16  3  4  5 19 18 14 13  8  7  2 17  9
 12  7 19 15 17  1 18 11 10  3  8  5 20  6  9  2 13 16 14  4
 19 14 11 13  2 10  1  8  3  6 17  7 18  9 15  4  5 12 20 16
 15  3 20 11 12 17 10  8 16  2  6 14  5  9 19  1  4 13  7 18
  1 19  9 10 13 18 17 20 16 12  3 14  4 11  6  8  7  5  2 15
 19 12 10 15  5  1 17  4  9  7 14 16  8  3 11 13 20 18  6  2
 17  4 10  7  3 19 12  2  5  1  6  8 13 16  9 15 14 20 11 18
Nb of jobs, Nb of Machines, Time seed, Machine seed, Upper bound, Lower bound
        30        20 2116959593 1546338557      1983      1761
Times
 11 45 34 61  8 97 59 72 82 57 87 61 90  4 17 69 95 15 97 93
 57 64 15 19 14 54 71 29 17 43 81 87 65 62 80 75 19 48 33 68
 71  1 90 81 84 19 75 83 25 69  1 80 35 76 37 23 13  4 81 20
 16 91 22 28 89 99 69 22 85 25 60 33 17  6 94 56  8 77 54 82
  3 51 43 21 66 71 17 98 73 76 93 88 61 79  9 18 31 80  4 32
 44 97  7 54 12 68 26 42 19 92 57 71 67  2 49 40 51 27 35 22
  5 55  2  6 65 42 19 64 51  4 13 46 52 38 15 87 74 64 80 91
 92 39 24 71 12 37 64 17 95 52  9  3 87 46 71 29 22 62 43 51
 78 91 26 81 43 43 93 35 36 74 18 30 15 64 90 75 37 35 39 87
 14 21 74 30 62 70 87 29 86 88 24 54 11 15 21 29 57 75 57 43
 40 34 46 97 67 59 65 47 20 22 15 66 20 40 72 73 50  4 88 44
 33  9 84 70 56 60 16 84 13 47 65 76 51 34 53 63 14 84 78 92
 67 18 66 37 65 92 30 57  1 16 89 36 30 49  7 73 20 26 29 42
 99 72 22 79 60 28 59 95 84 49 86 37 10 68 70 20 71 23 71 51
 39 88 82 41 99 45 11 48  2  8 88 95 64  7 62 19 61 60 45 32
 81 18 77 33 17  9  5 76 75 65 11 69 17 66 36 23 75 64 14 42
 47 51 60 94 15 13  8 16 61 72 69 17 44 84 97 93 91 60 99 57
 28 70 42 96 14 81 57 16 45 44 40 11 70 97 20 80 24 27 55 13
 92  4 31 76 91 66 59 97 15 27 15 62 82 94 55 52 77 39 38 53
 17 99 47 82 14  2 82 69  6 89 66 39  9 90 91 63 13 34 36 81
 99 68 56 70 72 77 51 64 66 57 74  9 72 94 63 21 39 23 80  8
 67 22 59 37  6 64 17 50 45 30  7 78 72 36 23 94 25 74  6 97
 42 90 28 19  7 97 82 41 69 47 76 88 11 68 70 31  8 81  3 84
 62 34 98 65 12 66 32 60 12 85 73 55 97 24  9 26 92  3 41 83
 12 93 74 20 33 89 41 96  4 99 47 23 12 91 25 83 34 83 70 27
 99 50 17  9 72 91 37 39 72 31 72 97 40 43 96 51 29 21 18 50
 55 41  4 75 86 59 44 73 66 70 79 85 51  5 35 17 30 35 34 91
 97 32 41 33 23 39 74 49 69 28 55 60 61 84  2 84 17 73 26 91
 21 51 99 79 21 48 44 67 48 96 19 39 56 76 16 40 69 93 15 52
 45 22 89 42 43 99 91 34 43 68 76 55  1 73 56 89 13 99 82 72
Machines
  5 11 13  6  4  9 20 16  7  1 12 14  2 17 18 19  3 15  8 10
  7  2  3 14 12  4 13 15 11 20  8 19 17 18 16  6  1  5 10  9
 18 16  9 17  2 11 14 15  7 13  1 10  6 19  3  5  4 20 12  8
  8  2  3 18 17  9 10  5 16 15  7 19 14  4  1 12 20 13  6 11
 11  2  8  4 18  1  3 19 13 17  7 14 12  9 16 20 10 15  6  5
  5  9  4 10 13  3  7 19  6 20  2 12 18  1 14 17 15  8 16 11
 18  5 14 20 16  4  3  2  8 17  9 11 13  7 12 10 15 19  6  1
 11  2  1 18 19  8 17  7 16 13  3 12  5  9 15  6 20 14  4 10
 18  1 10  8  5  3  6 19 12 13 15 14 20  4  9 11  2 16  7 17
 12  2 10 17 13  4  7 14 11 15  9 20  5 19  1  6 18 16  3  8
 20 19 15 11 14  6  4 12  9  8 17  1  7  5  3 13 10 16 18  2
  6 19  7 10 18 13  4 15 16  1 20  5  3  2 11  9 17 12 14  8
  3  1  6 19 20 10  8 11 12  5  9 16 18  2 15  7 13 14 17  4
 11 13  5  9 14 18  3 20 16 17  4  1  7  6  2 12 19 15  8 10
  2 17 20  1 18 16  3 10  4  7 11 19  8 15 14  9 13 12  5  6
  3 15 10 17  4  1  5 13 14 20 18 16  9 19 12  8  7  2  6 11
 18  9 20  8  5 19 13 14  4 12  7 10  2  6 11 16  1 15  3 17
 14  3  7 15 19  8  9  1 17  2  4 11 20  5 13 12  6 16 18 10
 16 20 12  1  5 11  8  2  9  7 10 19 15 14  4 13  3  6 17 18
 18  9  5 11 13  1 12 10  8 17 19 20  2 14  4  7  3 15 16  6
  9  2 12 20 17  6 18  8  3 16 13  1 10  4 14  7  5 11 15 19
 17 14  1  2 11 16 15  9 18 19 20  3  5 13  8  7 10 12  4  6
  8  7  5 18 16 15 20  9 11  1  4 13 17  6 14 10 19  3  2 12
 10  2  5 12 18 17 13 15  7  3 16  6 11  1  9 14 19  4  8 20
 13  4 15 11  1  5 12  6 16 10  3  7  9 14 19 18  2 17  8 20
 14  9  5  7  4  8 20  3  6 10 19 12 11 17  1  2 15 13 18 16
 11  1  2 14 13 12  6  9 20  3  4  8  5  7 18 10 16 17 15 19
 17 20 14  4 16  2  9 15 13  3  6 18  1 10 12 11 19  5  7  8
 12  5  9 14  6  4 19  2 18 15 13 10  7 20 11  3  1  8 16 17
 17 12 15  9 20  6 18 13  4 16 14 19 10  7  2  1  8 11  5  3
Nb of jobs, Nb of Machines, Time seed, Machine seed, Upper bound, Lower bound
        30        20  796392706 1230864158      1896      1710
Times
 86  5 21 67 87 90 21 87 82 68 25 10 58 65 20 34 12 35 63 41
 91 80 38 79 66  6 21 89 50 93 52 33 82 51 90 55 99 75 22 58
 59 22 10  1 75  1 35 15 39 28 29  8 65 45  5 90 18 11 39 70
 20 39  2 32 44 85 30 68 67 57 14 75 71 41 36 33 72 32 92 17
 82 71 55 28 73 12 18 41 78 71 26 97 23 65 54 88 94 28 22 95
  5 29 73 69 51 70 24 89 21 89 83 14 61 12 97 57 61 61 19  3
 43  4 32  4 96 34 21  2 33 77 62 39 89 90 90 42 16 73 75 57
 78 63 26 48  9 26 55 93 15 85 39 87 66 54 68 30  7 52  2 31
 55 87 10  5 48 78 87  8 70 69 57 85 58 74 92 77 54 43 28  6
 42 71 68 77 19 12 59 74 71 22  7 53 99 71 88 91 22 46 80 55
 77 17 79  1 72 88 42 83 84  8 40 91 66 85 43 51 94 23 84 15
  6 41  5 87 46 75 49  6  1 50 88 65 10 88 46 33 47 72 48 12
 56 75 53 34 73 83 72 15 28 52 49 15 81 88 11 52 48 88 18 46
 68 36 34 11 63 31 30 59 85 60 78 82  6 88 43 66 93 82 39 16
 58 48 97 67  3 85 36 24  2 37 72  2 25 74 46 43 62 27 77 82
  5 93 79 40  4 82 73 71 61 65 74  2 57 78 12  1 83 10 85 48
 75 63 16 15 42 34 27  3 83  7 12 63 94 20 35 75 52 25 98 83
 39 65 21 34 66 27 81 33 29 95  1 64 82 61 74 51 48 99 23 57
 88 93 11 90 27 63 20 51 36 76 26 10 71 74 35 48 12 36 24 10
 93 56 28 57 21 59 48  6 16 90  6 49 32 82  3  4 31 25  8 28
 68 11 99  3 78  1 39 65 19 16 11 26 10 54  2 69 91 39  1 91
 10 24 55 71 99 85 58 18 11 90  7 88 75 97 75 11  8  6 45 78
 68 57 15 36 27 26 66 38 97 55 73 23 68 19 89 46 34 39 23 60
 28 20 44 81 62 66 44 52 40 89 92 27  6 75  6 96 50 73 60 31
 90 55 41 20 51 44 67  6 82  5 10 63 80 39 22 48 24 66 46 91
 41  4 34 68 58 71 57 81 62 84 57 23 31 59 18 74 60 38 70 49
 53  6 79 84  3 41 28 61 43 36 68  8 35 73 81 93  1 94 96 73
 92 94 54 17 11 41 55 15 87 81 62 78 28  8 77 82  1 68 84 58
 82 31 12 78 83 33 39 78 33 11 91 54 26 90 71 12 28 57 99 49
 37 17  3 57 71 82  9 29 17 99 96 97 10 26 36 32 14 35 34  8
Machines
  4 18 15 11  6 13 19  9 16  5  2  8 10  7 17  1 14  3 12 20
  9  8 13 15  2  5 18 20 10 16  1  4  3  7 12 17 11  6 19 14
 19 15  2 12  1  7 13  5 16  6 14 18 10 17  9  3 20  4  8 11
 16  2  5 12  4  3 18 11 15 14 17  8 19  1 13  6  9 10  7 20
  6 11 16 14 17 20 19  3  5  8  9 18 12 10 15  7  4  1 13  2
 10 17  2  6  7 12 14 15  3  1  5 18 16 20 11 19  9  4  8 13
  3  7  8 15  5 13 16 17 14  6  2 11  1 18 10 19  4 20  9 12
  9 15 14 17 11  8  3 20  1  7  6 13  5 12  2  4 19 18 10 16
  4  1 15  5 16  7  9  6 18 10 14 17  2  3 13 11 19 20  8 12
  2 20  1  8  3  7 11  5 18  6 13 14 15 16 19 17  4  9 10 12
 10  1  2 14  4 17 15  3  6 13  8  9 20  5 19 11 12  7 16 18
  2 15  5 12  3  8  4 13 17 10 14 18 19  1 11 16  6  9  7 20
  1 10 11  5  3  4  8 13 12 18 15 16 14  7  9 20 19  2 17  6
 18 12  6  4 15  8  2 16 11 13 14 17  3 19 20  1 10  9  5  7
  4 20  5 11  3  2 12 16  1  6 15 18  9 14 13  7  8 10 19 17
 10  1  7 15  4 12  9 11  3 14 16 20  5 19 18 13  2  6  8 17
 18 13 19  7 15 17 14  3 10 20  8  4  9 12  1  5  2  6 16 11
  4 16  1  3  5  7 10 11 15 17 12  6 18 14 19 20  9  2 13  8
  1  7 18  5  2  3 19 13 12 17 11 16  4 14  9 15 20  8 10  6
  7 20  4 14 19  5  8  2 10 17  9 18 11 15  3 16 12 13  6  1
  9 19  8 15  1 12  5 10 14  6  4 13 18 17  3 16 20  7 11  2
 16  1  9 10 14  6  4 17 11 18  2  8 15  5 19  3 13  7 20 12
 15 18 20  6 17  7  5 11 16 19 13 14  9  3  8 10  2  1 12  4
 20 14  3 18 10  2  5  1  4 12 11  9 19 15 17 13 16  8  6  7
  7 15 16  8  5 17 12  1  2 11 18 20 14 19  4 13  9  6  3 10
  9  7  5  8 16 11 19  4 14 20 15  6  1  3 12 17 18 13 10  2
  5  1  6  9 10 19 15 16 11 13 14  8 12  4 17  3  7  2 20 18
 19  8  4 10 15  7  1 16  9 20 12 13 14  6 11  5  2 17  3 18
  4 16 12 10 17  6 13 20 14  1 18  3  9  2  7 15 19  5  8 11
  8 19 17 11  5  4 12  1 18 15  3  6 10  7 20 16 14 13  9  2
Nb of jobs, Nb of Machines, Time seed, Machine seed, Upper bound, Lower bound
        30        20  532496463  254174057      2031      1820
Times
 51 93 49  1 52 26 74 59 44  8 81 95 68 57 57 40 17 92 88  6
 75 22 11 49 31 32  5 51 14 43 43 24 83 67  2 45 75 35 50 95
 80 13 36 51 63 58 30 75 72 92 13 13 92 12 76 29 64 58 26 21
 91 95 51 75 89 56 74 60 86 70 97 11 61 68 43  5 17 18 14 93
 40  9 80 82 67 33 84 39 48 89 95 60  4 99 92 52 79  9 89 54
 55 70 95 60  9 82 52 30  6 27 57 89 63 29 55 37 66 16 87 63
 44 47 90 35 79 57 58 98 62  8 31 94 49 90 11 63 22 44 96 86
 63 80 72 83 25 55 68 42 70 64 24  7 45 12 17  8 41 88  7 83
 68 99 37 33 72 98 92 28 14 16 99  9 93 25  8 64  4 74 35 37
 79 34 36 83 48 23  2  5 16 76 10 95 12 94 46 53 35 73 78 55
 31 75 11 92 46 84 39 17 83 87 86 93 68 67 83  4 96  3  7 51
  4 50 20 74 37 95 65 83 98 25 64 90 51 61 97 70 14 13 99 83
 41 81 93 78 53 66 40  8 63 66  2 36 24 61 75 27 71 23 18 60
 87 29 36  2 18  2 11 47 94 92 58 93 47 90 28 54 28 84 68  4
 23 74 95 64 21 46 86  8 58 64 99 29 47 64  6 25 63 59 96 19
 75 75 76 83 22 98 85 75 11 64 21 94 46 63 78 35  9 16 39 28
 57 66 46 84 16 19  1 29 65 42 87 38 88 83 86 21 38 61 29 74
 66 74 43 55 86 69 11 12 61 56 56 77 80 16 13 14 14 96 88 20
 52  1 82 57 18 94 44 81 25 75 29 74 10 24 63 42 62 98 67 72
 81 95 46  6  5 18 79 43 28 27 84 83 99 60 86 21 13 28 91 20
 63 56 24 43 30 22 31 64 56 62 25 85 13 76 63 51 87 21 65  1
 54  1 71 76 23 90 19 97 84 27 70 38 62 94 47 22 52 21 11 97
 91 67 12 75 42 38 63 92 41 14 28 84 39 49 23 58  9 19 17 46
 89 44 61 63 95 70 49 99 44 68 86 86 11 13 17 85 62 80 37  2
 39 42 19 81 46 87  7 58 27 97 53 21 69 97 64 47 11 43 67 11
  4 13 44 27 23 25 44 39 38 31 38 95 13 19 29 37 44 77 24 39
 56 91 37 36 86  2 39 19 90 43 72 87 37 39 90 33 73 88 34 66
 56 32 48  6  9 57 21 56 37 75 40 93 97  5 67 24 20 15 16 21
 31 30 88 45 37 38  3 97 40 29 24 30 29 45 51 58 82 51 85 37
 38 77  8 48 46 89 96 50 21 38 57 26 97 70 23 18 33 34 35 69
Machines
  6  1  7 17  3 16 20 11 13 14  5  4 10 18 19  2  8  9 15 12
 18 12 17 14  2  8  5 15 11  9  3 20  4 13  7  6  1 16 10 19
 16 10 19 20  2 17 18  9  1 15 14  3  8  4 13 12  6  7 11  5
 14  2 20  3 11  7  9  4  1 17 10  6 15 18 16 12 13  5 19  8
 14  4  3 20  2  1 16  7 19 15  6 17 18 10 12 11 13  8  5  9
  7 18 15 20  8 13  4 19  6 12  9  1  2 16 17 11 14  5  3 10
  1 11 16 12 18 15  6  7  9  4 10 17 13  3  2 20 19 14  8  5
 10 11  9 14 17 19 16  4  7  6  2 12 15  1  8 18  3 13  5 20
  5  7 20  6  3 10 17 19  8  9 13  2 16 14 18 11  1 15  4 12
 18  2 13  6  3  4  9  8  7 10 20 16 15 11  5 19 12 17 14  1
 18 16 12  1  8  7  6 10  5 13 11  3 15 17 20  4 14  9  2 19
 14 15  3  6  1 12 17 18 16 10 19  7 20  8 13  4  5  2 11  9
  4  6 14  1 15 13 12 17  3 20  9 10 16  5  8 18  7 19 11  2
 16  6 19 18  7 17 14 13  4  3 10  1  2 15  9 11 12 20  5  8
 11  7 20 16  5 18  9  2 13 19  1 10  4  6 14 12  3 17  8 15
  4 10 17  7  8 12 15  9 19 13  6 18 20 11  3  2  1 16 14  5
 14 19  6  7  9  1  5 11  8 13  2 16  4 17 20  3 12 18 10 15
  6 16  2  3 20 19 13 14 17 18 15 10  1 12 11  4  9  5  7  8
  9 15  7  4 12  5 13 16  2  1 18  8  6 11 20  3 19 14 17 10
 11  1 15  3 17 20 18  7  4  9 13 12  8 14 16 10  2  6  5 19
 18 15  2  5  8 17  1 19 20 14 16  9  3 12 11  7  4 13 10  6
 15 17 18  6  5  9 11 13  4 20  3 10 19 14 16  1  8  2  7 12
  2 15  3  9 14  7 13  4  6 19 18 12 11  1  8 20 16  5 17 10
  8 12  4 10  9  5 19  6 15  1 11 14  2  3 16 18 20  7 13 17
 20  7 10 17 18  9 15 12  8 11 19  3  4  1  2 13  5  6 16 14
  3 17 18  7  4  5 12  6 19 15 16 20  1 10  8 13 14 11  2  9
 14 12 17 15  7 16  2 18  1 13  6  4  3  5  8  9 11 10 19 20
 11  3  7  1 20 15  8 13 19 17  6 10 16  4 12 14  2 18  5  9
 16 20 12 18 19 14  5  7  9 13  4 15  2 11 17  3  6  1  8 10
  1 19 20  7 12  5  6 14  3 13 18  4  2 17  9 11 10  8 15 16
Nb of jobs, Nb of Machines, Time seed, Machine seed, Upper bound, Lower bound
        30        20 2020525633  978943053      2032      1785
Times
 38 65 92 13 61 56 95 77 40 23 87 96 95 51 98 44 10 57 44 28
 81 37 13 48  7 87 12 23 83 69 26 61 16 60 79 52 84 93 73 92
 70  1 72 36 66 65 62 98 22 65 26 89 12 52 73 52 28 60 11 26
  4 27 65 39 93 12 92 86  9 87 65 79 92 41 97 45 84 89 64 37
 60 89 16 24 49 93 80 35 61 46 36 68 23 13 51 25 76 46 98 58
 35 18 72 86 99 52 48 98 58  7 26 15  3 37 92  9 63 20 91 86
 56 10 62  8 50 19 53 69 67  8 10 22 40 85 44 22  1 90 47 59
 82 83 75 89 72 39 47 39 15  1 64 66 17 68 43 63 96 37 64 35
 58 48 19 17 33 29 46 81 11 88 58 70 99 96 90 46 69 92  4 45
 74 78 79 44  2 63 68 57 33 90 69 91 35 80 26 44 91 27  2 61
 59 46 81 42 53 44 21 45 91  4 76 18 72 78 20 44 52 37 68 33
  2 63 82 37  3 53 89 31 63  6 98  2 23 38 87 91 60 55 93 38
 74 85 55 52 87 25 85 33 42 65 59 91 91 16 30 62 70 14 35 19
 16 23 70 41 12 99 26 43 14 91 50 78  1  2  4 80 14 63 55 14
 86 32 56 81 52 14  7 74 33 69 23 68 45 19 38 35 21 42 86 98
 33 51 96  5 56 90 50 41 34 93 61 67 60 31  5 41 85 58 57 10
 25 92 17 94 67 60 71 28 70 97 56 29 56 41 57 70 26 50  2 44
 27 48 85 17  1 86 88 43 58 82 51 59 38 99  7 49 88 56 80  1
 61 48 90 59 80 44 26 44 86 31 72 29 68 29 49 23 59 61 70 49
 37 45 24 88 18 33 42  4  7 69 68 39 87 61 42 16 43 83  6 36
 91 35  9 98 49 96 68 81 10 58 21 90 26 36 91 52  9 49 15 80
 11 78 59 47 11 24 55 87 28  2 23 38 71 69 97 74 43 57 44 23
 13 54 19  3  4 13 77 74  2 66 81 60 38 90 67 34 27 57 72  7
 29 69 13 96 90 24 90  3 57 83 78  4 24 65 44 21 56 73 93 97
 53 13 18 33 79 45 17 47 45 79  7 89 51 32 26 32 43 62 31 14
 63 56 68 49 40 51  3 87 63 52 95 56 97 30 99 39  6 76 34 73
 68 31 59  6 30 58 73 62 71 96 23 71 20 11 50 92 62 67 10 65
 98 83 89 64  4 27 79 25 78 36 52 41 21 62 78 92 92 88 80 64
 88 78 10 14  8 18 10 37 49 27 94 95 37 23 15 87 54  1 74 40
 21  3 32 51  9 76 23 73 53 81 74 92 69 56 93 52 83  1 17 46
Machines
 12 19 20 10  2 11  4 14  8  6 16  1  5  7  9 18 17  3 15 13
  9 16 19 17  7  1  3 12 14  8 11 20 10 13  4 18 15  5  6  2
 18 19  3  5 15  8 11 13 14  1 20 16  6 17  2 12 10  7  9  4
  3 18  5 11 10  7 13  9  6 19  4  8 17 12 20 15 16 14  2  1
  5 12 19 10  3 13 17  6  8  7  9 16  4 14 15 11  1  2 20 18
  5  7 17 19 15  3  8 10  2 16 11 13  6  9 20 14 18  4  1 12
 20 15 12  4  7 10 16  5  3 13 18 11 14  9  1 17  8  2  6 19
  7 10 18 13 17  6  1  9  2  4 15 14  8  3  5 16 19 12 11 20
 11 17 18  6 16 19 15  3  1  2  5 14  8 13 10  7  9  4 20 12
  7 12 16 18 15 10  8 11 17 20  9  2  5 14  6  1  4 13 19  3
 11 12  8 15  6  3 20 16  2 13  9  1 17 14 10  5 18  4 19  7
 20 10  1  4 15  8 14  7 12  9 16 11  5 13  2  3 19 18  6 17
  7 17 11 14 10 19 15  5  2  9 18  6  3 13  4 20  1  8 16 12
  5 12  6  1 16 13 14 20 15  4 17 11 10  2 19  7 18  9  8  3
  2 13  4 16 12  3  6  9 17 10 18  8  5 14  7 15  1 11 20 19
 20 13  8 15 14 11  3 12  4  1 17 18 10  2 19 16  9  6  7  5
 17 20 13 10  4  6  7 18 14  5  9  8  2 11 15  1 12 16  3 19
  8  7  1 20 10  4 17  9 12  5 13  3 14 18 19 16  2 15  6 11
 13 10 20 15  8  9  1 14 17 12  7  4  2  3  5  6 11 16 19 18
  2  5 19 12  1 17 13  9 14  8  3 20  4  6 10 16 18 15 11  7
 11 17  4  6  5  8 12 20 16 15 10  9  7 19 13  1  2  3 14 18
  6  5  8  9  1 12  2  4 18 15 17 20 16 14 11  7 13  3 10 19
 14 15 17  6  1  8 19 13  2  4 20 18 12  5  3 10 16  9  7 11
 15 17 20 16  8 12  5 10 11  4 19  7 14 18  3  1  6 13  2  9
  9 14  7  6  2 20 15 18 10  1 13 12  4  5  8 11 16 19 17  3
  1 20 13 17 11  6 15  9  8 10 19  2 12  7 18 16 14  3  5  4
 13 15 12  7  1 10  4 14  5  2 19 16  9  6  3  8 11 17 18 20
 19 14  8 16  2 12  1 15  3  4  9 11  7  5 13 18  6 20 17 10
 12  6  8 11  9  2  3  7 15 13 18 14  1  5 17 10  4 20 16 19
  1  2 20 11 17 15  6  7 13  4  8  5 19 18 10 16  3 14 12  9
Nb of jobs, Nb of Machines, Time seed, Machine seed, Upper bound, Lower bound
        30        20  524444252  185526083      2057      1940
Times
 49 91  1 37 32 69 56 65 45 66 17 72 38 64 20 68 71 51 17 26
 59 43 90 51 96 62 35  6 54 81  3 80 94 39 37 21 52 51 36 89
 57 90 34 37 60 51 27 29 53 20 45 16  2 24 34 18  2 75 78 46
 33 15 68 19 43  7  2 19 15 58 80 48 49 82 63 26  4 38 62 41
 82 63 72 47 56 89 71 91 75 93 59 58 20 84 63 50 48 85 39 45
 56 32 34 30 40 67 30 49 17 17 15 58 47 15 21 74 85  7 41 79
  5 76 48 58 23 44 63 56 59 72 34 82 86 43 70 41 97 57 38 24
 59 34 66 20 13 88 95  6 68 41 51 20 80  1 43  6 37 34 72 62
 55 59 53 74 77 72 76 95 66  2 26 53 41 28 26 69 74 60 79  5
 63 94 86 97 94 82 88 25 10 72 39 49  5 38 85 42 89 22 34 18
 62 65 25 74 48 73 92 69  2 17 79 81 55 37 79 95 94 31 16 44
 53 14 77 92 32 47 93 41  6 71 69 70 96 11 39 10 15 39 98 29
 25 80 38 44 78 39 29 40  5 47 61 47 63 80 46 76 15 54 21 25
 53 99 44 54 89 75 26 58 30 17  3 17 14  1 60 49 76 83  9 32
 22 10 94 54 91 99 91  8 39 59  3 55 29 37  6 64 81 84 29 95
 72 67 29 57  9 40 78 99 53 66 85 31 42 83 46 27 47 60 67 47
 45 44 83  8 60  2 10  3 29  9 37 29 22 97  6 41 81 74 62 95
 92 37 32 28 29 62 93 30 92 45 35 77 46 47 46 81 43 43 30 18
 49 86 20 90  4 44 72 22 90  1 30 71 77 62 48 25 89  6 95 44
 62 63 92 16 20 69 65 81 21 54 97 79 37 97 93 55 70 60 36 57
 76 54 76 36 93 67 35 37 44 88  3 22 73 65 26  3 99 78 38 30
 77 82 66 75 95 72 76 52 72  4 70 76 61 88 39 36 88 69 58 14
 65  8 90 57 73  2 62 48 76 87 53 23 76 74 99 34 71 27 87 46
 76 54 75 69 44 26 63 75 78 78 39  7 73 27 55 23 55 29 56 36
 17 42 56 84 44 74 62 55 55 31 71 11 16 29 50 72 64 42 28 70
 76 56 78  2  6 71 19 69 30 87 57 33 87 68 24 31 56  5 19 82
 64 36 19 90 65 80 26  2 52 72 17 29 60 16  6 91 79 43 99 26
 82 80 60 93 54 24 87 63 59 85 13 32 93 33 15 48 72 23 97 76
 61  6 87 74 67 44 63 12 81 61 26 23 76 93 97 75 76 46 66 54
 77  6 62 22 81 44 28 97 16  7 34  3 93 12 35 88  9 93 87 51
Machines
 20 13 15 11 16  8 12 18  2  6  9  1 19  3  4  5 10 14  7 17
 11  6 12  9 17  7 20 16  1 14  2 18  4  8 19  5  3 15 10 13
 16 20 11  6  7  8  4 10  2 17 18 12 15 13  5 19  3  9 14  1
 14 10 15 19  2 12 20  3  4  5 11  6 13 18  7  9 17  1 16  8
  4  3 11  9  2  5  6 16 13 12 14  8  1 17 18 10  7 20 15 19
 20 12  7 10  8 19 14 15 16  1 17  9 13  4 11  2  6 18  3  5
 16 11  6 10 20  1  9 19 13 14  7  5 18 15  8  3  2 17  4 12
 20  6 15  4  5 13 16 14  7 19  8 10 12  2 17 11 18  1  3  9
 13  6 20 11  9 12  1 18  5  7 14 10 17  4  3 15  8 16  2 19
 10 16 13  6  4 14 20  9 17  5 19 18  8  3  7  1 11  2 15 12
  2 20 19 11  7  3 16 15  8 18 12 14  6 13 17  5  1 10  4  9
 12 20  3 18 15  8 16  5  6  1  2  9  4 11 14 17 13  7 10 19
  7  6  4 12 14 15 10 13  9  1 20  2  3 19  5  8 16 18 11 17
  3  7  5 13 18 17  1 11  8  4  6 19  2  9 10 20 16 12 15 14
 10  6  2  8 12  1  9 13  3 20 11  7  5 16 14 19 15 17  4 18
 15 12  6 11  5  4  2 14  8 16  3 18  1 20 19  9 10  7 17 13
  3 13  6 14 18  5 15  8  7 12 20  1 17 11 16  4 10 19  2  9
  6  5  3 16 11  4 15  8 20  1 12 18  9 13 17 10  2 14  7 19
  5 10 14  6  9  7  8 18  1 13  2  4 17 16 20 11  3 12 19 15
 15  4 17 11  7  3  6  1 14 13 10  8  9 20 19  2 18 16 12  5
 18 14 17 16  6  5  4 12  1  8 11  3 13 15  2  9 20 19 10  7
  3 10 18  5  8  6  1 19 20 14 12  2  9 16 17 13 11  7 15  4
 13  5 19  2 20  6 15  9  1 11 16  7 18  3 12 17  4 14 10  8
 14  7 12  6 18 17 20 11  1  5  4  2 10 19  3 15  8  9 16 13
 15 10 14 12  3  6  7 18  9  5 13  1 16  2 19 20  4  8 17 11
 10 19  7  9  2  5 17  8 13 11 14 18  6  3  1 12 20 16 15  4
  3 20 16  9 15  4  5  2  7 12 18 13 14  6 10 17 19  8 11  1
 20  2 18  7 14  3 13  9  1 10 12  4 11  5 16  8 17 19  6 15
 18 15  7  6 19 17 14  1 20 10  3  8 11  9  5  2 13 16  4 12
 20  8  9  1  5  4 19 10  6  3 13 12 14 18 16  7 15 11  2 17
Nb of jobs, Nb of Machines, Time seed, Machine seed, Upper bound, Lower bound
        30        20 1569394691  487269855      1947      1751
Times
 66 38 15  7 93 57 92 56 93 60 40 74 59 72 21 24 24 57 74 69
 88 70 42 14 66  8 32 77 11 30 48 97 89 82 81 89 76 87 44 26
 53 82 37 85 31 81 24 67  3 12  8 72 87 69 19 35 97 46 73 12
 31 50 74 12 52 89 67 52 21 11 31 69 35 99 24 93 87 15 20 66
 14 90 14 68  6 79 14 15 17 68 19 46 72 33 20 12 56 97 26 36
 71 95  2 81 93 21 98 64 30 40 67 65 16 33 51 49 68 89 92 35
 28 33 81 94 11 61 36 33 92 83 14 97 36 61 72 65 26 14  4 80
 70 96 35 11 99 83 39 43 87 19 14 46 91 17 32 32 38 46 96 22
 69 36  8 21  2 32 75 81 47 64 80 75 49 41 82 25 89 33 29 47
  9 36 22 59 32 33 72 27 45 19 49 35 57 87 59 49 83 52 66 61
 24 53 61 31 14 19 26 91 53 41 77 66 81 32 29 83 13 31  6 21
 45 89 29  7 47 47 25 45 60 28 83 68 12 37 69 46 47 91 20 45
 23 55 60 52 17 75 54 76 35 61 51 84 38 94 30 14 78 29 99 88
 14 22 99 59 89 44 98 56 22 33 41 46 65 85 38  3 19 39  5 72
 12 27  8 13 26 35 33 49 29 39 37  1 74 22 38 31  6 98 86 69
 72 74  6 58 27 21 19 97  8 70 49 25 39 95 71 81 88 11 93 71
 11 82 82 80 74 60 43 75  4 64 52 73 77 80 89 66 28 62 82 42
 11 16 12 72 35 83 73 41 23 63 16 37 28 88 75 51 23 40  4 78
 53 30 85  8 67 35 58 29 54 16 58 73 15 82 76 88 71 57 63 13
 34 17 36 96 84 84 29 56 83 84 52 37 41 93 79 93 37  1 45 33
 19 79 43 43 64  2 14 58 47 23 93 19 57 77 32 61 27 25 52 53
  3  1 73 81 88 56 58 14 88 68 16 78 48 30 68  5 47 28 71 19
 39 72 37 33 53 95  8 13 23 40 15  6 25  1 22 30 10  7 59 14
 37 98 81 73 58 27 22 39 98 35 98 73 25 73 72 79 54 94 27 30
 49 63 97 87 86 81 15 92 73 76 53 75 93 70 35 13 85 95 39 57
 34 42 63 73  6 71 76 86 97 16 54 44 49 94 92 24 31 72 35 46
  4 72 30 47 83 23 88 72 76  4 10 89 75 75 24 63 76 77 36 88
 80 68 65 15 36 34 94  7 99 44 72 12 33 77 24 57 68  1  3  6
 90  3 70  5 72 60 32 91 42 54 18 63 54 83 92 57 96 11 98 47
 77 33 66 68 99 47 52 88  4 71 20 29 82 11 16 57  4 18 29 68
Machines
 12 20 17  8 13  2 11  9  7 19  3 14 18 15  1  4 16  5  6 10
  5 20  9 18  1  6  2  7 12 13 11 14  3  4 16 19 17  8 15 10
 20 11 15 12  4  3 14  2  1 13 10 19  5  6 17 18  8  7  9 16
  3 16  7 20 18 15 13 14  2 12  6  5 10 17 19 11  9  8  1  4
 18  9 11 17 20  5  3  7  1  4 10 13 12  8  2 16 15 14 19  6
  6  7 14 11 20 17 10  9 16 13  5  8 15 12 18  4 19  3  1  2
  3 20  5  9 10  7  8  6 12  2 14 15 18 19 11  4 13 17  1 16
 17  8  2  7  6 13  5 11 15 16  9 19  1  4 10 12 18 14 20  3
 13  1  3  5  2  7 15 17 20  4 18  6 12  9 10 11 14 16  8 19
  7 18 14 20 17 19 12 11  4  3 15  9  6  8 16 10 13  5  1  2
 13 19 12  8 18 11  7 10  4 20 15  2  5 16  1  3 14  6  9 17
  1 19 12  4 16 11  6  5  8 14  9 20 18  3 15  2  7 17 10 13
  4  5  8  7  6 16  9 14 18 13 10 11 19  3 15  1 12  2 20 17
  6 13 15  7  4 11 14  8  9 18 16 19  5  1  2 17 10 12  3 20
  8  5 11 14 12 17 19 13  9 16 20  2  1 18  3  4 10 15  7  6
  1 18  5 16 12  4 15 14 11  8  9  2 10 17  6 19 13  7 20  3
 20  2 12 18  6 19  8 11 13  3  1  4  5 14  7  9 17 10 16 15
  4 13  2 16  8  7  9 10 14 17 20 11  5 18  6 19 15  3  1 12
 12 11 16 13  8 20 10  5  9  3  2  6  7  4 18 14  1 17 19 15
  1 14 10  6 16 15 18  7 12  8 13  3 11 17  2 20  5  9 19  4
 15  3 14 17 10 20  8  7 19 16  5 18  1 13  6  4 12  9 11  2
 17 10 18  9  7  5 20 19  8  3 15 16 13  6 11 14  4  1 12  2
  6 20  3 17 11  7 14  5 12  2  4 18 10  9 16  8 19 13 15  1
  5  1 11  3  2  9 19  6 14  8 20 15  7 16 18 17 13 12 10  4
  7  6 11 12  4  8  1  9 16 10 18  5  3 20 17 13 14 19  2 15
 19 10  1 12 15  5  2  6 20 13 18 11  7  4 14  3 16  8  9 17
 18  1 17  5 19  2  9  6 16  3  4  8 20 13 12 15 14 10 11  7
  5 18 14  3 16  8 11  2 10 17 12  7  9 19 13  1  4 15  6 20
  7 19  6  3  4 18 20  2 15 10 13  1 16 11  5 14 17 12  9  8
 11 12 18  4  7  8  6 13 15  2 10 19 16  1 14 20  3  5 17  9
Nb of jobs, Nb of Machines, Time seed, Machine seed, Upper bound, Lower bound
        30        20 1460267840 1631446539      2001      1770
Times
 59 77 73 46 99  7 11 75 27 22 33 70  9 17 33 17 40 75 15 80
 16 25  8 41 48 88 38 61 27 78 84  7 16 90 66 41  3 47 33 57
 87 14 49 90 87 29 47 68 12 68 66 58 67 89 32 89  2 63 70 77
 10 74 56 88 77 79 69 42 12 76 78 74  1 16 34 60 66 71 77 84
 95 24 86 61 67  4 27  8 13 12 43 64  6 50 36 46 71 81 42  4
 82 99 34  4 89 84 77 51 12 72 37  4 18 91 99 16  6  4 77 97
 37 44 81 72 13 66 52 68  4 14 31 91 71 86  4 55  7  8 89 80
 34 32 55 66 18 76 32 28  7 75 77 24 91  4 72 84 50 45 25  6
  6 97 68 22 82 74 12 80 79 15 48 91 51 19 74 48 68 43 13 31
 82 19 80 13 35 98 68 12  1 15 58 94 54 74  9 50 82 68 23 76
 79 20 74 43 88 99 46 75 67 81 94  6 60 93 88 39 32 88 80 30
 74 53 31  1 19 18 38 79 46 74 82 84 27 46 11 37 97 88 25 51
 59 59 55 20 92  1 31 61 87 10 40 35 15 86 20 43 39  9 38 28
 26  2 81 64  9 47 28 78 64 77 16 69 50 81 31 87 42 23 46 45
 61  7 75 72 83  8 63 27 81 76 57  7 88 62  5 32 25 53 43 75
 12 48 71 54 49 47 37 72 39 77 94 82 49 42 87  2 10 58 81 41
 84 36 98 10 22 53 51 95 62 82 48 10 29 68 60  5 41 15 84 45
  9 40 20 39 83 28 94 68 19 25 13 63 69 17 74 95 91 89 16 35
 69 80 20 99 23  8 43 34 35 83 41  5 86 16 29 92 44 54 21 81
 82 97  5 36 40 58  8 59 78 18 32 34 66 25 10 36 88 50 82 35
 74 42 86 22 39 45 26 63 65 70 33 39 74 75  8 26 25 13 72 98
 25 46 61 74 40 25 42  5  2 65  1 77 13 42 31 45  7 20 95 75
 50 78 72 53 67 46 95 29  3 31  8 26 60 52 35 57 57 91 91 35
 26 80 71 64 57 43 72 99 87 81 15 23 73  7 70 98 66 47 10 73
 20 55 87 10 16 59 91 82 53 67 60 34 78 66 98 39 14 65 52 54
  3 26  8 42 70 17 56 31 29 88 60 81 23 23 43 29 74 29 30 63
 67 66 88 78 79 37  6 35 61  3 67 51 64 69 65 90 95 11 28 50
 54 52 16 39 56 51 49 70 59 66 57 74 86 83 82 65 40 89 53  3
 68 44 62 25 69 48 68 70 61 51 74 24 54 69 69 33 61 18 36 78
  7 26 79 65 16  3 71 62 42 44 73 79  9 61 63 12 47 67 34  5
Machines
  7  6 16  9 14  3 11 18 12  1 10  2 20  5 17  4 13  8 19 15
  3 14 12  5 19 13 17 18 20 15  6  4  2  8 10  7 16  1  9 11
 19 17 15 14  1  8  2 20  4 13 16  7  6  3  9 10  5 11 18 12
 10 11  6 15 19  3  9 12 13  4  5  2  7 20 14  8  1 17 16 18
  9  4  8 10  6  2 18  5 15 16 14 13 17 11 12  1 20  7  3 19
  7  9 10  3 14 15  2  4 16 20  5  1 19 11 13 18  6 17 12  8
 17  8 13  3 14  7  6  9  4 19 10 16 18 12 15  1 20 11  2  5
 10  6  3  9 11 14  5  2 12 18 20  4 15 17  1  8 16 19 13  7
 17  5 16  2 12  9  4  7 10 18  1 19 11  3 13 14 20  6 15  8
  4 15 16 18  9 11  7 20  1 19 10  2 17  6  5 14 12 13  8  3
  3 16  5 17  8  9  2  7 19 20 11 15  6  4 18 14  1 12 13 10
 14 12  6 10 18  7  8 17  1  9 16 11 19  2  3 20  5  4 15 13
 17  8 14 13  3 20 11 15 16 18  6  2  5 12  1 19  4 10  7  9
  3  1 20  9 19 11 18  4 14  7 15 17 13  8  5  2 12 16  6 10
  6  2 15 10  9  4 12 11  1  8 14 13  3 17 20 18  5 16 19  7
 18 17  5  1 16  6  4 15 13  3 11 19  9  7  2 20 12 14 10  8
 11  5  4  2 18  1  6  9  8 13 20 14 16 10 15  3 17 12  7 19
  4 17 16  6 14 12 20 13  9  7 19  8 18 11  1  2 15  3  5 10
 15  1 12  6  5 13 19  9 11 14 17  8  7  2  4 10 16 18  3 20
  8  5 12  3 16 15  6 20 17  2 10 14  4  9 11 13  1  7 18 19
  9  7 11 16  6  4 19  2 18 10 20  5 17 14  1  8 12 15  3 13
 11 18  7  9  8 20  3  1  4  6  5  2 15 17 10 19 13 12 16 14
  8  1 15 10  2  7 12 11  3 18 16  6 20  9 19 13  5 14 17  4
 19 16 17 11 13  7  3  2 18  6 14  5  8  9 10 20 12  4  1 15
  1  7 13  5  9  2  6 18 16  3  8 10 12 14 17  4 11 19 15 20
 19 10  7  5 12 20  9 11  4  1 14 16 13  3 17  6 18  8  2 15
  6 11  2 15 12 19 17  8 10 14 18 16  3 13  7  4  9  5  1 20
  6  7  9  4 16 20  5  3 17 15 14 11  2  8 19 10  1 12 13 18
 19  9  2 15  5  7 16 11  8 14 18  6 12 17  4 13  3  1 10 20
  7 14  6  9  3 19 18 20 15 11  8 16  1 10 12  5  2  4 17 13
Nb of jobs, Nb of Machines, Time seed, Machine seed, Upper bound, Lower bound
        30        20  198324822 1937476577      2013      1758
Times
 17 42  3 77 53 65 14 14 77 22 26 53 36 66 26 56 14 41 69 85
 57 93 85 20 94  3 59 80 40 83 67 55 25 24 74 47 37 98  9 84
  2 62 35 87 37 79  4 79 61 35 39 26 24 17  8 88 39 25 92 48
 51 30 79 27 25 13  3 23 17 22 45 13 72 52 56 56 84 16 50 64
 72 80  4  7 85 30 75 47 94 11 75 63 58 63  4 33 47 78  8 20
 32 82 45 14 10 60 98 95 61 88 66 79 98 44 48 27 47 31 13 50
 32 53 33 70 59 41 95 65 91  7 19 82 93 56 44 47 32 62 52 15
  5 44 94 20 35 75 92 30 69  4 99 71 18  1 75 44 35 37 53 96
 60 54 41 45 79 19 53 91  1 74 16 56 75 95 90 86 58 42 79  8
 78 56 24 60 88 47 33 11 92 72 42 88 30 57 97 25 26  5 62 45
 95 62 53 69 45 48 49 59 37 23 94 19 79 81  9 66 32 17 38 59
 61 73 79 25 75  5 76 26 69 18 21 21 16 39 15 64 98 70 54 32
 46 94 33 24 31 57 57  8 88 55 69 51 94 43 35 61 14 30 84 79
 97  7 59 87 57 37  4  2 23 45 73 72 98 79 61 15 80 77 15 76
 53 66 42 59  6 60 30 59 63 61 83 14 78 90 38 88 20 23 81 64
 75 38 15 48 37 92 99 37 79 28 68 20  6 57 79 97 76 11  6 95
 74 45 93  9 58 16 27 19 19 69 82 25 31 51 85 42 10 85 85 27
 30  5 54  3 63 47 59 45 63 40 10 16 42 46 66 34  1 15 81 69
 98 89 45 11 12 49 44 98 15 79 98 48 19 90 20 20 13 78 32 39
 20  4 65 99 56 61 45 93 32 44 62 94 57 58 44 88  1 65 73 64
 15 71 39 31 32 80 54 38 51 50 58 96 96  9 65 32 19 54  7 10
 53 19 68 99 77 12 81 96 46 56 41  8 93 10 75 75 85 32 80 84
 96  9 42 52 66 80 45 91 31 40 12 60 99 57 68 44 16 55  6 84
 98 29 75 40 81 73 70 29 85  3 89 12  1 46 30 28 82 10 18 97
 21 47  2 63 57 25 25 80 70 44  7 30 62 55 68 56  1 25  5 13
 41  6  7 80 93 12 54 12 38 30 68 36 19 46 71 71 94 66 99 57
 57 55 46 15 61 64 19 14 49 58 54 54 50 32 40 47 70 97 50 65
 53 32  2 85 17 94 46 83 63 67 46 84 34 22 24 70 63 14 76 67
 25 83 87 50 60 63 86  5 11 27  8 32 16 49 20 42 59 13 86 38
 64 20 31 14 50 93 72 74 13 42 18 25 83 33 21 92 48 60  4 80
Machines
  9 11  6 14 12 18 20 19 10 16  4 17  1 13  8  3  2 15  7  5
 15 19  2  3 14 10 17  7 20 18  8  9  4 11  1 12 16  6 13  5
 10  7 14 11  6 16  3  9 20  2  5 19 12  8 17 13  1  4 15 18
 15  4 11 17 19  2 18  1  7  9  3 12 20  6  8 16 13 10  5 14
  6 17 12 10 18 11 19 16  1 20  7  5 14  3  2 15  4 13  8  9
  8 10  2  3  5  7 11 19 18  9  6  1 20 16 15 14 12 13  4 17
  1 13  2 15 19  7  9 18 11  3 20  6 17 12  8 14 10  4 16  5
 17 15 19 12  2 11  6 10  8  3 13 16 18  9  1  5 20  4  7 14
 11 20 19 16  9  1  3 10 14  4  7  8 13 12  2  5  6 17 15 18
 10 15 11 20  9 13  8  7 19  3 12  1 14 16 17  2 18  5  4  6
  4  5 19 16  7  3 17  8  6 13 10 18  1  9  2 11 15 12 20 14
  3  5  2 16 17  4 18  7 12 13  8 19  9 14  1 15 20 11 10  6
 17 20 11 10 15 13 19  3 18 16  7  8  6 12  2  1  5  4  9 14
 13  4 18  5  9 10  3 12 14  6 19 11  7  8  2 16 17 15  1 20
  8  1 19 20 16  3 10  2 11  7  4 12 14 13  9  5 17 18  6 15
  2 20 15  8 18  1 14 12 17 13 11 10  7  4 19  9 16  6  5  3
 11 18 10 17 19  5  3 12  6 16  9  4  8  1 13  7 15 20 14  2
 13 12  8 10 20 17 18  7 16 14 11  5  2  9  6  1  3  4 15 19
 16 18 11  5 15  2  4 19  9 17  7  3  1  8 12 13  6 14 20 10
  1 12 18 11 16  6 13 10  7  4  5  2  8 15 17  3  9 14 19 20
 14  7  5  9 19 13  1  6  4 10  2 15 12 17  3 16  8 20 18 11
  9  7 15 13  1 10 11  3 19 20 14  6 18  2 12  8  5 16  4 17
 13 17  9  5 20 10 14  7  4  3 11  6 15 12 16  2 18 19  1  8
 11 19  9 16  7  8  3  1 12  6 18 13 15 10 14  4  5  2 20 17
  7 17  5 16  1 13  8 11  6 14 18  4 15 19  2 20  9  3 10 12
 14 20  1  6 15  9 11 18 16 13 19  4 17 12  7  2  8  3 10  5
 17 19 12 16 18  5 10  2 11  6 14  4  9  1 15  3 20 13  8  7
  8  1 19 17  7 14 18  6 15 12 10 20  4 13  5  9 11 16  2  3
 18 17 10  2  1 16 12  6  4 19 13 15 14  3  8 20 11  9  5  7
  8  2 17 18  4 14  1 20  7 11 10  9 16 19  6  3 12 15 13  5
Nb of jobs, Nb of Machines, Time seed, Machine seed, Upper bound, Lower bound
        30        20   38071822 1541985579      1973      1678
Times
 96 26 33 19 43 17 26 66 84 56 83 66 74 24 85 47 88 97 41 77
 70 46 90 61 24 63 95 34 47 50 62 10 66 52 49  4 94 38 93 84
 48 60 15 25 21 99 56 32 31 36 74 72 91 29 34 50 21 36  1 30
 50 84 74 35 86 42 31 62 82 66 39 48 98 99 48 77 31 51 44 41
 90 27 30 68 25 94 66 48 47 16 90 23  5  3 10 37 74 28 25 86
 32 76 29 60 60 21  2 65 22 36 80 61 55 84 99 25 68 80 67 50
 90  9 28 38 36 19  4 46 84 71 60 23 63 77 72  2 63 24 60 99
 96 78 79 90 63 80 10  2 67 96 69 13 42 54 76 32 75 52 98 16
 31 80 77 56 85 95 59 46  4 85 42 14  4 40 40 48 90 82  4 87
  3 53 33 93 62 17 65 23 10 44 49  2 54 25 42 57 23 16 76 12
 68 54 75 29 29 98 17  4 10 71 26  3 51 79 30 58 76 81 63 60
 98  6 66 53 60 93 52 68 81 51 85 74 12 23 43 98 26 51 22 26
 90 35 76  7 67 10 41 41 18 41 35 13 30 28 32 95 92 71 76 78
 31 64 21 72 78 88  4 74 26 11 41 93 32 74 18 37 28 47 98 65
 10 37 99 28 84 92 12 72 84 90 35 40 63 29 89 16  4 38 22 84
 41 38 71 65 86 30 57 71 24 10 78 74 16 25  6 75 68 67 69 56
 46 79 36 13  3 57 79 53 11 45 39 87 25 62 32 13 22 93 90 90
 64 70  9 92 15 32  6 96 51 87 49 75 84  1 10 39  3 89 13 21
 45 40 14 69 45 98 90 19 40  2 47 70 46 70 93 70 93 33  9 85
 13 85 32 30 70 61 42 41 92 87 36 58 66 70 21 22 41 88 91 94
 19 51  8 94 72 99 18 39 30 61 19 74  2 77 66 28 23 14 92 90
 96 92 34 10 68 94 62 83 26 87 29 95 30 49 43 85  1 60 80 48
 42 14 55 97 65 63 74 63 67 48 63 81  8  7 22 43 53 22 93 89
 14  2  8 22 93 59 15  9 10 81 85 62 70 64 93 26 30  6 86 27
 10 39 56 23 44 93 90 99 80 47 38 15 41 26 48 52 75 65  4 57
 46 78 10 13 32 63 71 66 40 13 50 97 41 95 58 57 63 42 56 31
 88  2 34 19 86 90 84 40 52 66 76 62 27 28  5 72 54 46 57 66
 98 44 33 20 74 30  4 88 19 85 81 29 72 79 54 37 95 11 11  2
 48 34 25 26 53 97 26 23 36 17 65 97  5 13 71 32 26  6 47 57
 22 87 89 41 70 35 95 62 57 52 18 94 60 34 87 22 96 59 81 90
Machines
  3  9  7  1  5 16 17 14  6 13 11  8 15 20  2  4 19 18 10 12
  1 11 14  4  3  8  2 17 10 18 19 16 12  9 20  6  5 13 15  7
  1 20 12 10 16  4 14 19  2  6  8  7 11  5 15  9 13  3 17 18
  8 20 11 12 10 15  7 13 17 14  6 16  5  4 18  9  2 19  3  1
  1  7 12  2  4 17 20 13 11  8  6  3 16  5 19 15 10  9 14 18
 18  9 20 17  1 13 14 15  4  3  2 11  8 10 16  5  7 12 19  6
 19  2 10 12 18  1  3  7 17 11  5 15 20 13 16  8  4  6  9 14
 15 10 12  9  3 17  5  2 20  7  1  8 16 19 13 18 14  4  6 11
  4 15 10  1 12 11  5 13  6 17  3  2 14  8 18 20  7 19  9 16
 14  8 10  1  4  9 12  5  6 15 16  7  3 18  2 11 20 19 17 13
  5 18  3  9 12 20 19 14 13  4  2 11  6 16 15 10 17  7  8  1
  7  1 13 19  2 15 20 17 11  9 18 12  3 14  8  5  6 16  4 10
  3  8 14  1 20  5 10 12 17  4  6  7 15 19 13 16 11  2 18  9
 15  4  7  8  9 13 16  6 17  5  1 18  2 19  3 20 11 12 10 14
 19 12  3  4  6  5 16 14 20  7  2 15  1 13  9 10 17  8 11 18
 11 14 17  9 18 12  8  6 15 16  7  4  1 20 19  3  5 13  2 10
  3 11 20  8 19  5  7  6  1 12 14  2 10 13  9 17 15  4 16 18
  2 14 12  3  4 19 18 10 17  7 13 16  1  5  8 15  9  6 11 20
 19 11 13 17  2 12  9 20 10 18  6  3 14 15  8  7 16  1  4  5
  8  9 15 12 11 14  7 17 20  3 19  4  6  5  2 13 16  1 10 18
 12  7 18  9  5 13  2  1 20 10 17 19  3  4 11 16 15  8  6 14
 17 20  5  6  4 19 16  9 14  1 11 15 12  2 13  3 10  7 18  8
  4  5  3 10  8 17  1  6 14 12  9 15 19 11 18  7 13 16  2 20
  8  3 15  6  7 10 11 16  4 17 19 13 12 18  1  9  5 14 20  2
 18 12 19  8 13  5 11  4  9 14  3 10 16 20  7  2 17 15  6  1
  2  5 11  8  1 10 15  6  3 19  7  4 20 17 12 13 16 18 14  9
 11 15 13  7 19  3 14  9 10 20 12 16 18  8  1  6 17  4  2  5
 15 14  2  6 18  3  5 19  4 13 20  1 11 10 12  9  8 16 17  7
  6 12 17 13 16 11  1  3 15  5  9  2 19 10 18  8 20  7  4 14
 20 15  5  9  1  2 16 10  4 13  7 14 18  8 12 17  6  3 19 11
