Nb of jobs, Nb of Machines, Time seed, Machine seed, Upper bound, Lower bound
        50        20    8493988    2738939      2868      2868
Times
 48 40 54 71 52 70 41 76 52 24  5 43 68 10 49  9 81 30 93 17
 85 18 54 42 41 71 68 82 54 49 21  1 58  1 69 58 40 59 66 29
 33 34 77 42 95  2 71 73 19 25 45 88 19 40 42 17 81 72 70 67
 51 41 74 97 26  4 25 12 17 76  6 79 49 39  1 27 44 75  1 18
 22 99  7  7 72 24 19 81 23 72 50 95 31 67 67 22 12 28 68 88
 52 51 44 38 64 11 62 20 54 15 83 79 55 48 38 37 42 81 89 60
 82 43 57  1 89 11 41 50 68  2  4 65 20 56 46 36 33 56 13 50
 45 11 63 59 69 39 44 61 67 72 74 59 16 26 90 66 56 47 95 39
 92  2 88 90 45 88 90 94 34  1 81 64 70 55  7 33 21 35 62 61
 89 21 61 18 77 20 42 59 79 12 56 14 21 43 89 31 71 92 47 71
 61 84  3 73 35 36 79 88 54 96 22 70 10  4 76 40 85 84 93 65
 68 72 74 97 63 33 96  4 63 31  1 98 39 65 72 20  7 63 33 26
 41 65 34 71 19 49 87 61 79 61 29 22 74 68 60 23 82 33 94 42
 17 40 40 28  6 62 83 95 44 91 79 39 68 79  1 20 96 62 62 70
 39 89 37  7 84 60 61 73 64 73  3 75  3 48 74 67 39 32 69 25
  9 83 30  3 31 93 86 49 34 91 56 80 33 77 35 63 72 46 22 73
 21 46 33 54 22 64 20 76 77 97 28 54 81 95 81 72 80 75 18 81
 52 30 38 70 22 15 66 26 55 34 13 65 87 38 85 89 77 22 67 44
 63 95 18 94 73 51 35 57 38 65 69 60 90 68 32 40 11 75 97 51
 68 37 39 13 76 77  6  6 53 41 72 71 46 24 46 50 12 39 92 54
 93 95  8 27 53 75  3 42  5 24 73 88 57 20 99 39 74 75 44 24
 83 14 66 96 11 36 20  5 72 38 79 10 27 27 90  8 83 10 61 69
 22 56 54 50 51  9 15 36 20 79 51 84 40 59 48 27 65 44 40 83
  5 75 43 17 10 92 22 36  7 71 77 70 10 24 78 77 56 42 16 48
 37 96 81 12 92 86 63 88 28 57 58 23  4 95 80 12 82 53  5 75
 58 59 65 78 68 50 38 97 72 94 59 42  5 19 27 54 69  2 56 51
  4  7 36 35 80 95 51 59 93  5 61  4 43 30 93 76 42 99 30 46
 88 75 81 40 61 94 78 24 19 44 96 23 90 94 80 97 24 44 54 52
  5 99 60 87 64 36 78 32  4 18 26 87 74 26 90 45 35 54 27 23
 93 95 11 14 99 86 41 26 50 74 21  6 67 87 46 84 11 89 89 66
 50 71 71  5 60 29 17 29 98 61 87 58  6 60 84 92 23 25 23 57
 75 60 77 48 87 52 98  8 55 97 55 68 59 90 50 98 57 43 72 35
 46 22 11 49 34 30 79 72 77 47 55 63 58 89 71 94 95 13 97 46
 25 98 71 68  8 72 57 39 83 17 90 31 81  6 97 98 82 82 52 82
 42 77 71 19 80 31 66 90 18 15 76 58 92 34 66  8 65 67 84 42
 41 42 69 81 95 16 45 52 48 35 72 80 81  4  3  4 96 53 14 80
  6  6 12 86 26 52 70 93 81 31 89 99 99 71 74  7 43 86  1 93
 44 54 36 40 68 49 45 58 44 65 72 65 53 48 90 98 60 71 27 48
  9 16 56 27 50 57 55 87 44 47 29 82 80 43 75 10 70 38 28  2
 29 91 85 51 86 34 73 12 14 51  1 38 74 92 60 43 36 23 82 30
 21 97  4 85 21 55 34 62 78 11 34 17  3 43 38 44 45 17  3 83
 29  6 45 15 60 29 97 91 13  8 50 46 72 86  7 30 28 13 27 42
 38 10 93  6 72 38 73 88 44 66 79 47 61  6 64 18  2  6 91 37
 21 20 51 96 51 42 52 37 85 18 44 60 68  3  6 20 81 96 30  9
 16 54 53 57 46 84  1 76 26  7 69 88 29 73 32 51  4 74 75 75
 27 54 90 25 97 68 14 54 29 14  8  1 60 13 16 41 81 35 18 79
 56  7 31 55 85 35 82 63 35 54 52 77 82 94 81 25 24 56 23 79
 33 50 22 70 59 51 80 84 47 88 27 18 34 47  4 41 56 42 26 66
 31 83  9 34 62 83 61 41 58 96 87 18 56  2 95 21 51 13 31 96
 62 95  8  3 27 19 36 97 87 62 86 21 37 11 11 67 84 34 48 97
Machines
  9 20 18 16  2  3 11  8 14 19  6  7  4  5 15 12 17  1 10 13
 13 12  4 17  2  3 10  9 19  5  1 20 18 16  6 11 14 15  7  8
  9  7 16 15  4  8 20 19  2 12  5 13 18 14  1  3 10 11 17  6
 13 10  6 17  1  3 14 19  7 12  2 20  9 15  8  5 16 11  4 18
  2  4 14  5 19  6  7 10  8  9 16  1 15 11 13 20 17 18  3 12
 17  4  5 15  2  3 11 10  6  1 19 20  9 18 13 16 14  7  8 12
 20  5 16  1 13 14  2  8 19  6 10  4 17  9 12  3  7 15 11 18
 10 11  9  5 15  6 16  8 19  7 14 20 18  3 17 12  1 13  4  2
 10 14 16  8 19  3 12 20  2  9  1  5  4 13  7 17 15 18 11  6
  7 12 18  9 17  8  1 15  5 16  3 14 19  2 10 20 11  6  4 13
 14  5  8  7 16 12 11 10  4 18 17  6 13  2  9 19 15  1 20  3
  4 11 15  1  8 13 10 20 12  6 19  2 14 18  3  7  5 17 16  9
  1 11  3 19 15 13 14  2  4 10 18 16 20  5  6  9 17  7  8 12
  7 12 10  9 16 18  1  5 15 11 13  3 14 19  6  2 17 20  4  8
  2 10 17 18 16  3  6 11  9 15  8 12 14  1 20  4  5 19 13  7
 12 18  6  2 13 19 11 10  3 16 17  7  8  9 15  5  1 20 14  4
  4  6 14 17 15 12 18 13  8 19 16  9  3  1 10 11  5  7 20  2
 17 14  9 18  6 11 19 13  2  5 15 10  7 12  4  8 16  3  1 20
  5 15 16 20 18 19  2 10  9  8  7  6  1  4 17 12 11 13 14  3
 10 16 14  5 15  9  4  3  6 19  8 17  7 12 11  1 18 13 20  2
 19  3 18 17 11  9 13 20 15  2  7  6  1  8 12  4  5 16 14 10
  9 18 12 16  4  7 17 14 13  3 20 10 15  5 19  2  8 11  6  1
 12 18 11 20 13 19 17  6 16  5  2 14  3  8  1  7 15 10  4  9
 19  8 16 10  4 20 17 12  6 14 18 11 13  1  2 15  3  5  7  9
  5 18  7  3 19  6 13  8  1 15 12 16  2 20 17  9  4 10 14 11
  7  2 16  3 19 12  8 15 11  5  1  4 10 14 13 20 18  9  6 17
 16  7 19 18  1 20  2 15 17 10 14  5  6  9  3 13 12  4  8 11
 10 18 11  7  4  1 13 19 17  8 15  5 14  2  9 20 12  6  3 16
 14  5 18 15  6 12  9  1 10 19 13 17  3  7 16  4 11  2 20  8
  3  5 11 13 18  6  8 12 17 16  4 10  1 19 20  7  2 14  9 15
 10  3 16  8 12 18 15  7 13  4 20  1 11  2 14  9 17  6  5 19
 18  5 20 16  1  4  7  3 13 14  2  9 17  8  6 11 15 19 10 12
 14  7  5 13  6 11 12  9  3 19 10  4 15  1 18  2 16 17 20  8
 16  3  4  8 14 17 13 15  9  5  6  1 18 11  7 19 10 12 20  2
 16  9 11  2 19 12  1 18  5 13  4 20  6  3 15 10 17  8  7 14
  5 13  4 19 11 20 18  7  3  2  1  6  8  9 12 15 10 17 14 16
 17 18 10 20  8  2  7  9  4 14 16 13 12  3 15  6 19  5  1 11
 13  3  1 14  5 17  8  4 19 16  6 10  7 11 12  2 20 15 18  9
 16  2  3 17 13 20  1  9 10  6  8 12 19  5 11  4 14 15  7 18
  8  1 13 11  2 19  9  6 20  4 12 16  3 17 14  7 18  5 10 15
 12  3 11 18  8  5  7 20 17  9 10  1  2  6 13 16 14 19 15  4
 16  9  8  6 20 18 19 15  7 17  4  3 11 10 14 13  1 12  5  2
  5  4 13 20  8 12 16  1 15 10 11 19 14  6  3  7  9 18 17  2
  3  8  5 19 18  2  6  9 14 10 16  4 13  7 12 17  1 20 15 11
 14 15  2  3 17  1 12 20  7  8  6 11 16 13 18 10  5 19  4  9
  1 17  4  8  3 18 20  5 13  9  6  7 15 10 19 11 14  2 12 16
  7 14 13 10  3 20 15 19  5  6 11  8 16  9  4  2  1 12 17 18
  9 15  8 11 10  7  1  3 17 13 14  6 20 18  5 16  4 12 19  2
  4 11  8  1  2 14 19 18  9 15 17 16 12 20  6 13  5 10  7  3
 16  6 19 20 18 10 13 15  2 12  3  8 11  1  5  7 17  9  4 14
Nb of jobs, Nb of Machines, Time seed, Machine seed, Upper bound, Lower bound
        50        20 1991925010  709517751      2902      2848
Times
 54 96 96 62 71 42 62 93 98 10 54 13 37 61 92 90 59 64 96 64
 84 93 22  7 83 56 94 52  6 85 38 82  3 94 32 17 66 79  9 34
 67 69  5 14 53 12 17 93 28 57  9 78 19 62 50 85  3 57 95 75
 99 16 84 51 84 18 21 54  8 38 80  4 81 26 48 51 93 76 32 50
  9  5  2 71 60 98  3 26 60 57 55 47 45 47 79 58 99 90 21 78
 90 92 96 44 88 79 78  3 17 11 34 15 46 47 90 58 95 33 57 91
 25 99 17 64 83 62 46 21 98 50 56 57  4 66 55  3 14 10 24 93
 94 18 70 92 34 29 65 19 85 55 44 87 59 34 86 72 28 62 22 35
 88 10 40 96 46 48 74 82 91 45 85 53 76 33 67 63 44 82 51 47
 45 16 63 16 86 74 58 39 50 28 50 68 39  6 35  6 13 26 15 56
 24 83 53 60 67 78 19 51 14 48 57 52 92 49 74 82 32 63 91 68
  7 77 97 98 20 56 66 57 54 58 20 30 77 68 63  6 63 67 23 26
 76 81 33 35 85 29 10 52 11 21  1 96 45 31 43 11 47 41 69 53
  3 52  3 85 34 26 75 92 83  8 79 69 58 67  1 79 64 49 57  4
 30 19 31 44  2 17 82 14 82 95 25 67 75 41 92  3  6 22 34 20
 16 62 49  9 45 41 23 43 35 42 88 19  3  8 96 27 30 37 19 28
 19 64 75 20 99 85 56 98 35 70 44 16 25  6 10 23  8 98 25 99
  1 24 43  5 31 54  1 47 67 62 24 36 94 16  8 56 16 18 49 69
 97 89 71 87 78 85 18 19 20 96 50 66 53 70 48 20 41 93 91 51
 90 29 25 68 18 47 82 35 28  9 45 60 64 32 16 26 47 33 89 39
 79 62 25 47  4 14 41  8 91 70 27 90 73 59 21 67 77 55 54 41
 39 64 55 81  6 73 17 44 27 57 15 33 16 38  1 61 11 56 65 47
 48 56  7 34 59 65  1 65  8 19 31 57 67 57 94 32 49 31 72 68
 65 11 82 50 39 56 58 59  5 33 81 93 46 23 80 24 13 10 36 43
 60 32 37 13 56  6 74 83 50 60 12 90 59 32 72 76 87 25 23 64
 24 78 44  5 87 60 53 18 91 67 59 81  8 16 94 94 47 26 73 69
  8 74 93  9 82 87 40  6 70 83 86 90 77 13 65 21 83 58 95 48
  7 93 75 82 34 28  8 32 63  5 27 90 32 15 52 63 11 96 25 22
 73 73 33 73 19 48  7 74 77 48  5 47 38 73 83 24 80 80 41 26
 50 34 95 44 31 80 59 53 24 18 37 72 72 73  6 86 17 13 89 24
 95 99 35 55 67 54 15 25  2 60 35 14 14 37 82 37 47 28 37 21
 24 23 68 13 98 67 58 81 62 11 99 75 41 23 13 35 73 35 71 28
 87 39 66 67 91 71 48 17 12 95 86 71 19 49 63 66 69 73 87  8
 69  3 11 76 57 55 36 95 63 78 72 28 53 10 86 13 53 14  4 52
 67 59 84 50 91 93 53 56 30 98 53 74 60 46 57 23 27 49 54 47
 99 82  3 61 92 67 66 81 62 41 77  9 56 80 90 68 81 58 86 59
 76 77 23 29 25 44 15 17 96 64 71 22 87 73 72  8 67 92 61 97
 92 47 95 55 78 58 36  1 23 71 47 76 34 95 25  4 91 22 51 53
 57 61 39 22 60 90 54  2 83 73 36 68 99 68 61 76 88 15 96 80
  6 59 99 30 73 56 39  9 80 87 74  6 55 39 39 42 78 37 66 37
 11 83 83 87 34 45 78 13 59 93 16 85 76 54 91 93 13 56 10 99
 26 45 80 44  9 28 70 95 40 20 63 44 63 73 59 82 41 87 89 29
 64 89 62 30 13 64 42 39 89 89 57 62 99 55 40 94 25 34  4 65
 58 99 16 46 72 40 48 15 14 15 39 17 52 43  9 73  6 65 58 13
 19 72 80 48 79 71 29 14 19 27 92 97 99 74 69 20 40 41 95 39
 63 25 74 40 14 98 26 55  9 92 67 99 48 20 87 55 65 66 10  4
  2 89 99 89 73 12 78 57 38 17 64 80 47 76 99 72 31 52 49 76
 45 22 11 99 65 96 95 47  8 57 60 38 71 70 98 57  4 31 73 56
 28 26 47 77 89 82 94 41 89 74 95 44 60 88 61 99 36 49 41  1
 16 71 49 25 62 98 63 79 29 82 84 76 85 18 78 18 87 65 10 78
Machines
 19 13 18  5  6 12 11  9 10 14 16  2 17  8 15 20  1  7  4  3
 14  8  3  7  6  9 13  1 10 16  2 20 19 11  5 12 15 17 18  4
 11  8  2 16 19  3 15 10 12  6 20  4  9 14  7 17 18  5 13  1
 11 13 19  3 10 14  9  6  5 20  4  7  1 15 17 16  2  8 12 18
  3  8 15 20  2  6  1 16  7  5 17 18  9  4 12 14 19 11 13 10
  7 20 18 11  4 16  3 14 12  2 19  1  9 17 10  6 13  8 15  5
  1  3  5 11  4  8 14 16 13 19 18 15 12  9 20 17  2  7 10  6
 17  1 11  7  5  8 10 14 20  6  3 18 13 19 12  4  9 15  2 16
 20  9  5 10 19  8 11  7 12  2  3 16 17  6  1  4 18 13 15 14
  2 18  4  6 12  5 10 19 20 17 15  7  9  1 11 16 13  8  3 14
 20  4 19  8 14 17 11 12  1  2 13 16  9  7 10  5  3 15 18  6
 13  5  9  2 12 17  6 14  1 10 20 11 16 18  3 19  7 15  8  4
 19  7  4  5 15  1 12  6 11  2 13 10 14 16 18  3 20  9 17  8
 11  8  2 20 10  1  7  4 17 13 15  5  6 16 18 19 14  9  3 12
  3 16  2 20 10 11 17  8  4 13  9 19 12  1 15  5 14 18  7  6
  2 10  5 17  3 12  8  4  1  6 16  9 15 11  7 18 14 19 13 20
 11  3  2 18  9  1 10 17 15  5 13  8  7 12 16  6 19 14 20  4
  9 12 20 13 16 10 11 15  3 19 18 17  8  7 14  5  2  4  1  6
 11 20 19  6 15  1  2 12 14 16 10 17  5 13  7  8  4  9 18  3
  7 11  6 10 12  8 14  2 18  5 16 13 15 19  3 17 20  1  9  4
 11 16 13  8  3 12  9  6 15  2 10 19 17 20  4  5  7 14  1 18
 20 14 10  3  7  8 16 11 12  9 18  5  2 19  4 15  1  6 13 17
 13  9 19  3  2 12  7 20  8 17  4 15  5 10 18 14  6 16 11  1
 19  6 11 15  3  5 10 18  9 20 13  7  2 12  4 17  1 14  8 16
 12 20 16 18  4 17  1  8 11  2  7 14 19  3 15  6  9 13 10  5
  5  2 13  8 11 12 10 20  7  3 19 18 15  1  6 17  9 14  4 16
 19  3  9  4 12  1 15 13  5 10 18  6  7 11 20 14  8 16 17  2
 17 18 14  2  6  8 15 11  1 20  7  3  9 10 13 16 19  4 12  5
  5  2 11  7  9 10  3 13  8 18 12  1 15 14 20 17  4  6 16 19
 10 18  8  9  3 12 15 14  4 16 11 20 19  2  7  5 17 13  1  6
  3 13 12  9 19 18  8  7  6  2 10 14 20 15 17 11  4  1  5 16
 17  5  2 18  8 12 19  1 15 10  9  7 11 14 16 13  6 20  3  4
 18  8 15 10  5 14  3 11  9 16 12  7  4  6  1 13 17 19 20  2
  7  2 13 19  8 20  6 11 12 17  1 10 15 16 14  4  3  9  5 18
  6 19 20 18 15  5  1  9 11  3 13 17 10  7  8  2 14 12 16  4
 16 15 10  9 17  3 19 18 20 13  8  4  2 12  5  1 11  7 14  6
 17 16 20 15 19  4  3 11  6  9  8 14  7 18  1  5 13  2 12 10
  2  3 13 12 16 20  1 11 18 17 19 10  7  6  8  5  4  9 15 14
 10 20  3  7 12  4 16 17  5 14  8 13  9 15  1 19  2 11 18  6
 13 17  4  6  1 10  3  2 12  9 11 19  5  7 15  8 16 14 20 18
 12 20  4 18  8 19 15  6 17  5  9  7 13 10 14 16  3  2  1 11
  7  2  9 12 20  3  6 15  4 13  8  1 10  5 18 19 17 14 16 11
  8 13 18 20  7 12 16 11 10  4  6 19  9 14  3  2  1 17 15  5
 17 12 15  9  5  6  4 16  3  1 18 10 19  7 20  2  8 14 11 13
 17  4 10 18 15  1  7  6  9  5 20 13  3  2 14  8 11 19 16 12
 12  4  9 10  3 15 18  1 19 16 11  8 20  7  5 13 17  2 14  6
  8 10  3 12 13  2  7  4 17 14 15 11 18 16  1  9 20  5 19  6
 14 18  2  4  3 16 13  6 11 12  7 15 19  1  9  5 17 20 10  8
  6 11 17 16 10 12 13 18  8  2  9  5  1 15  4  3  7 14 20 19
  2  8 10 14  3 13  7  1 19 20 11  5 18 12  6  4  9 16 15 17
Nb of jobs, Nb of Machines, Time seed, Machine seed, Upper bound, Lower bound
        50        20  342093237  786960785      2755      2755
Times
 35 73 56 28 81 82  5 48 36 37  9  8  9 20 78 77 31 44  9 40
 41 26 27 31 62 20 17 55 57 21 61 63 17 14 59 91 54 64 21 47
  4 92 75 21 21 98 32 41 29 42 71 90 69 87 71 18 41 78 60 85
 72 21  8 55 86 17 98 71 18 86 84 88 97 75 70 67 36 11 97 55
 88 15 29 51 82 66 26 70  7 87 81 76 44 27 88 34 70 62 44 67
 26 24 87 48 55 68 54 83 17 50 87 18 83 32 71 72 95 39 37 21
 80 31 20 51 32 21 12 79  1 93 80 60 17 78 87 64 47 66 64 47
 59 10 80 46 62 40 68 26 54 50 61 77 40 94 36 67 59 55 15 71
 36 72 53 91 65 98 60 60 62 52 39 13 44 69  3 97 65 16 57 65
  8 99 34 43 38 49 86 91 14 87 45 12 45 14 58 27 68  5 47 61
 79 51 41 51 41 44 50 17 26  2 16 25 38 17 89 83 59 45 37 23
 97 90 92  3  2  9 70 15 38 48 12 10  9 76 27  8 44 81  7 80
 45 13 50 30 85 81 32 64 11 70  1 93 54 13 30 17 16  3  2 19
 57 81 19 46 40 39 63 92 60  8  7 39  9 54 68 21 66 52 54 21
 66 66 48 81 30 81 46 95 22 85 57 83 48 94 11 61 92 49 83 91
 28 14 65 17 97 57 33 96  3 32 70 78 30 68 92 48  9 75 31 75
 25 32 11 22 72 88 50 19 34 87 80 12 26 78 63  3 97 27 25 21
  1 39 20 62 71 41 70  8 11 66 75 67 32 74  8 44 94 61 18 99
 56 47 11 43 57 27  3 54 40 86 40 30 55 48 37 14 49 59 15 99
 72 11 90 18 81 44 79 77 20 86 58 44 32 33 37 92 95 77 97  8
  9 37  7 38 10  4 75 54  2 15 95  4 37 19 56 44 60 90 46  7
 33 58 88 49 50  3 44  8 82 72 99 50 57 19 12 84 69 14  8 10
 37  9 91 92 17 68 34 81 26 99 72 15 93 24  2 73 34 42 12 99
 78 98  9 15 97 86 88 22 31 59 70 42 42 65 18 50 28 57 87 57
 51 34 97 83 15 68 87 78 57 37 61 51 93 35 57 49 42 12 76 17
 33 65 62 11 36  4 97 22 76 17 82  6 96 37 26 89 41 57 23  9
  6 89 61 16 42 20 30 57 66 83  7 21 96  7 31 99 14 85 57 15
 45 79 88 58  2 13 21  8 37 71 99 49 57 95 19 73 64 64 55 85
 51 22 11 82 90 41 88 33 91 99 69  6 33 25 31  7 38 46 41  8
 20 96 88 49 24 89 24 66 69 42 92 62 48 95 28 43 71  9 53 31
 44 99 49 47 60 12 22 49 40 24 51  2 63 99 75 52 59 16 24 55
 67 73  3 72  8 70 73 59 91 69 46 31  6 35 37 93 42 89 34 25
 31 26  7 67 25 43 23 31 28 57 42 16 10 26 50 69 35 18 18 77
 95 10  7 88 78 62 93 23 94 22 85 73 59 12 58 93 47 73 90 18
 82 93 10 46 13 57 30 20 71 41 35 35 52 90 18 80 29 17 74 90
 39  7 15 49 34 50 48 77 26 27 78 38 76 40  2 40 92 73 86  6
 47 28 21 80 46 63 76 20  5 57  9 71 34 27 87 24 63  6 66 65
 52 25 67 53 97  8 23 84 74 75 18 53 31 66 49 51 29 52 34 44
 39 17 48 93 97 79 87 40  2 97 47 47 45 65 29 96  8 42 74 18
 37 83 30 92 87 51 91 39 64 65 48 68 42 10 86 96 98 35 51 48
 98  2 60 23 52 84 38  3  1 46 44 83 68  9 32 19 67 10 12 99
 68 38 90 38 58  9 88 63  9 35  4 13 54 94 89 79 74 31 70 97
 90 18 91 52 51 84 53  8 90 87 32 21 67 13 60 75 38 36 19 68
 46 67 80 62 43 65  9 31 66 42  6 43 47  9 30  6 73 20  1 12
 76 36 91 72 61  8 78 56 24 20 12 51 61 91 17 13 74 63  9 84
 71 11 72 40 73  9  7 88 19 15 45 54 86 38  9  7 74 80 75 80
 38 91 72 44 31 89  4 83 57 63 70  3 12 44 83  7 32 36 26 49
 60 88  3  4 56  1 95 31 54 20 51 88 82 68 69 15 72  3 59 43
 92 88 40 47 80 23  7 98  2 90 74 23 93 94 41 49  2  9 83 84
 84 68 77 54 45 70 34 64 55 66 16 11  9 79 54 23 63  1 91 50
Machines
  1  2 12 18 11  8  6 14  4  5 20 10 13 15 16  3 17 19  9  7
  4 17  6  8 11 12 15 19 14  2  9 10 20 13  1  3 16  5 18  7
  7 12  8  3  5 13 15  6  1 14 11 19 20  2  9 16 10  4 17 18
 14  7 20 17  3  4 11 10  8  2  1 15 13  6 19  5  9 18 16 12
  9  1 14  8 11  5 17  7  2 18 16  4  3 10 20 19  6 12 15 13
  8 13  1 18  4 16  5 14 15  7 17 20 11  2 19 10 12  6  9  3
 16  8  2  1 19  6 20 11 13  7 18 15  4 12 14  5 17  3 10  9
 20  3 17 15  6  7 16 10 18 12 11  4 13  5  1  2  8 14  9 19
 14 16 13 20  5  1  4 19 11  2 18 15  6  8  7 12  9  3 17 10
  6  1  7 11  2  4  3 12 19  8  5 18 10 16 17  9 14 13 20 15
  5 12 10  4  2  3  6 17 11  9  8 14 19 16 18 15  7 13  1 20
 12 14  2 11  1 13  4 16  6 10 20 18  5  9 15 17  7  8 19  3
  8 20 15  4 17  5 12 18  6 16 11 10  1 19  7 13  2  3 14  9
 10  9 11  3  8 13  6  5 18 15  4 17 19  2 16  7 20 14 12  1
 15  1  2  9  3  7  4 13 10 17  5 20  6 16 14 19 12 11  8 18
 17 10 20 13  7  1 18  3 14  5  8 19  6 12  9  2  4 15 16 11
 16 11 12 19 15 18  6 20 13  7 17  2  8  9  4  3  5 14 10  1
  7 10 19 17 13  2  3  8 20 12  5  1  4  6 11 15 18  9 16 14
 19  8 13 18 20 12  6 16  4  9  1  7 17 14  2  3 10  5 11 15
 14 16 13 15  6 19 12  7  4  9  3 18  5 17  1  8 11  2 10 20
 18  5  3  8  2  6 16 19  1 12 11  7 20  9 15 14 10  4 13 17
  9 14  2 10  3 11 15  1  4 13 17 19  6 18  8  5 20 12  7 16
 17  6 12 13 18 19  9 20  4 11 14  2  5  3 10 16  7  8  1 15
 14  2 12  1 17  4  8  6 15 18 20 19 11  5  7 16 10  3 13  9
 20  3 15  8  4 18  7 11 16 10  1 17  2  6 19  5 14 12 13  9
 12 10  6 19 17  2  3 18  9 13 11 20 16 15  4  8  1  7 14  5
 14 16 12 15 13 19  2  5 10 11 17 18  4 20  8  7  1  3  6  9
  8 18 17  7 15 20 19  2  3  9  6  5 11 12 10  4 16 13  1 14
 19 16 17 10  7  9 18 20  2  1 12  8 15  4 13 11  5 14  6  3
 10 13  5  9  7  4 12 15  8 16  2  3 11 14 18 20 17  6 19  1
 16  2 18 12  8  4 19 20  5 11 14  3  6  9  7  1 13 17 15 10
 15 20 18 10 19 12  2  5 17  9  6  8  1 11  3  4 14  7 16 13
 10 18 13  4 12  3 16 11  1 17 15  2  6  9 20  8  5  7 14 19
  6 17  3  1  9 13 12 20 16  5  7 15  8 19 18 10  2 11 14  4
 15 16  4  8 12  1 13  7  2  9 14 20  3  5  6 19 18 10 11 17
 14 18 19 15 11 16  6 17  2  4 10  8 12 13  1  3  5  7 20  9
 18  3 20 16 19  6 10 17 14  1  2  8  4 15 13 11  7  5  9 12
 12  5  6 13  4  3  7 17  1 11  2 16 20 19  9 14  8 18 10 15
 20  7  5 18  3 19  4 14 13 16 15  8 11  9 10  6 12 17  2  1
  9 17 16 13 19 18  5  1 12 20 15  7  6  2 14  4 10 11  8  3
 11 18 14 12  7  3 10 13 16  1  8  6 15 17 19 20  2  4  9  5
  1  4 15  2 10 19  6 12  9  8  7 16 17 13 18 11 20 14  3  5
  9 15 17  5 12 19 13 20  3  6 10 16  8  1  7 14 18  2 11  4
  7 16  8 17 15 10  4 19 12 18  1  3  2 20 11 14  6  5 13  9
 10 11 12  7  5  4 13 14  6  1 19 20 15 18  3  8 17 16  9  2
  6  8 18 19  9  2 13 17 20  5 11  4  1 10 16 15  3 12 14  7
 14 16 11 19 15 10  8 20  6  4 17  5 18 13  9  2  3  1 12  7
  8 17  6  3 10  9 16  4 20 19 14 13  5 15 18 12  1  7  2 11
 13 10  7 17  4  9 16  1 12  6 11 19 18 20 14  8 15  5  3  2
 16  9  6 10 14  2  7 15 19 13  4 20 17  3 18  8  1 11 12  5
Nb of jobs, Nb of Machines, Time seed, Machine seed, Upper bound, Lower bound
        50        20 1634043183  973178279      2702      2697
Times
 62  3 77 45 42 77 42 78 20 81 39 91 13 53 30 95 82 70 37 55
 56 90 21 43 12 94 81 58 20 83 41 84 16  6 64 63 16 12 93 39
 95 15 51 53 67 53 26 40 13 39 59 90 45 36 33 76 13 72 42 56
 51 82 63 66 21 66 72 35 74 60 92 28 89 58 38 14 89 17 88 14
 25 38 10 71 80 41 76 92 86 33 42 90 18 17 91 24 96 82 77 83
 48 21 71 94 64 67 21  2 58 38 12 11 63 27 92 64  9 50 55 15
 33 99 49 66 77 88 42  8 64  2 86 72 26 86 51  1 40 33 74  6
 45 83 54 19 70 16 74 27 84 13  6 97 47 87 31 34 37 76 31 37
 62 96  7 84 70 31 35 37 99 64 53 39 67 20 15 53 83 25 65 78
 96 24 88 61 10 77 46 49 91 41 37 69 37 85 14 34 83 30 37  4
 29 44 55 51 49 43  1 32 99 49 84 53 57 40 10 58 78 27 34 32
  5 97 37 63 66 40 95 51  8 35 63 17 88 15 33 11 10 84 55 28
 20  7 23 24 11 38 56 73 22 29 12 86  1 23  6 45 70 25  1 79
 58 62 55 79 55 27 77 13 53 31 11 81  7 94 11 84  5 67 19 24
 74 26 90 73 28 16 30 69 43 48 67 91  3  1 93 52 41 31 54 57
 58  1 92 83 99 64  7 22 29 48 70 69 60 51 59 19 25 67 67 71
  5 46 19 67 41  8 51 11 67 68 46 16 18 12 11 11 67  2  5 99
 47 35 57 69 99 16 91 36 14 58 10 91 64 44 79 66 31 10 56  7
 45  3 57 44 34 27 74 88 32  4 98 25  7 73 46 14 66 87 55  6
 66 28  4 69 44 58 86 64 16 19  9 25 26 64 45 10 95 99 46 79
 30  9 37 85 69 22 23 97 50 36 12 10 43  1 33  7 15 45 28  3
 44 59 92 31 69 53 63 94 74 53 67 24  9 31 84 50 19 78  3 39
 46 11 59 27 79 86 51 47 22 16 24 80  5 57 79 42 46 99 49 54
 18 37 18 76 30 88 69 19 29 41 58  8 37 17 23 94 92  1 79 34
 29 85 91 43 65  6 69  4 94 72 76 83 21 45 10 84 50 74 39 55
 67 76 91 69 13 72 98 16 79 38 76 70 30 85 93 39  3 39 88 87
 90 78 61 61 34  4 52 59 20 29  6 60 93 95 55 12 92 22  2 91
 63 85 76 72 40 42  4 66 63 81  8 61 33 98 94 98 35 90 59 27
 95  5 91  1 52 87 56 83 54 15 55 10 20 73 59 30 14  6 48 28
  3 93 12 66 19 85 66 96 74 73 21 62 91 97 61 62 95 13 33 62
 54 68 44  4 62 86 85 42 55 69 67 71 79 66  1 12 66 94 41 43
 23 25 21 15 64  6 96 68 58 75 66 57 85 56 24 34 64  1 82 71
 42 97 65 51  1 16 74 54 87 38 48 54 44 51 48 74 82 59 46 60
 60 50 86  7 10 12 50 67 65 41 47 59 43  1 97 67 81 34 27 39
  7 52 81 58  4 53 86 32 54 38 71 43 58 56 63 73 54 56 34 35
 99 31 90 67 73 74 69 29 92 86 90 72  5 21 11  3  3 29 27 39
 75 71 89 31 39 70  5 60 13 32 22  1 56 53 84 47 91 85 14 10
 56 94 47 81 21 84 98  5 76  6 62 40 58 18 97 89 18 48 44 48
 45 55 13 15 96 19 18  5 62 76 61 14 22 23  3 80 92 86 87 23
 10 70  5 38 42 64 99 28 30 82 92 64 36 56 11 78  2 18 32 54
 88 82 27 53 42 53  6 80 55 95 83 66 11 69 89 79 50  7 31 46
 30  6 64 33 41 35 92 65 54 68 52 13  6 36 75 59 41 97 24 77
 70 46 32 34 67 10 32 32  5  4 41 13 24 13 14 85 36 18  1 23
 43 33 16 91 87  5 74 43 81 23 54 83  5 68 45 85  7 44 90 97
 64 98 47 16 76 50 61 62 88 37 89 18 38 10  1 36 10 41 52 55
 78 89 76 50 89 68 48  1 77 99 46 50 81 18 60 65 37  8 47 31
 56 65 15 13 40 46 74 34  1 56  2 96 12 17 20 19 46 97 75 73
 11 86 80  8 72 15  8 77 24 78 53 29 13 66 64 58 19 18 45  5
 97 73 13 34  5 84 60 22 40  3  8 64 23 66  3 35 61  7 32 44
 33 16 52 72 54 67 71 41 55 32 41 27 54 72  1 14  5 13 85 20
Machines
 10  7  4  3  8  2 16 18  1 19  5 12  6 14 20 11  9 17 13 15
  3  7 14 15  9 19  8 12 10 20  2 16 18  6 13 17  1  5 11  4
 11 12  5 20 10 13 19 18  3 17  8  4 14  7 16  6 15  1  2  9
 10  1 14  3  4  8  5  7 17 11 18 16  9 13 20 19  6  2 12 15
 12 10  6  7 11 20 18  2 16 17 15  5  3  1 13 19  8 14  4  9
  5  9 10  4 16 20 13 18  1 14  7 11  6 15 12  3 19  8 17  2
  5  3 11 20  2 17 16  9  1  6  8 19 10 18 13 15  4 14 12  7
 11 10  3  8  6 12  4 19 13 14  9  5 20 17 16  7 15  2 18  1
 17  5 15 19  7 20 12 16  9 18 13  1  2 10  3 11  4  8  6 14
 13  7  3 12  4  6 16  8 11  2 19  9  1 20  5 18 17 10 15 14
  6 19 13 11 18 15  7  8  9 17  4  2 14  5 10 12 20  1  3 16
 17 15  4  3  8 11  2 14 12 20  1 10  5  6  7 19 18  9 13 16
  7  1 10  6 15 19  4  9 12  3  5 17 13 20 14 16 18  8  2 11
  2 11 15  8  1  7  6 19 13  3 14 16 17 12 10 18  5 20  4  9
  9  4 20 14 19  6 17  7 12  8 11  3  1 13 18 15 16  5  2 10
 10  7  5  1 19 15  3 20  4  6 18  8 14  2 17 12  9 13 11 16
 16 11  5 12  1 17  6  8  3 19 14 20  2  4 13 15  7 10  9 18
 12  7  2 10 16  1 17 11  9  4 14  6  8 18 19 13  3  5 20 15
 18 17  1 15  7 14 19  8  5 20  2  4  9 16 13 12  3 10  6 11
  6  4 19  1  8  3 12  7  9  5  2 15 17 10 13 16 11 18 20 14
 20 14 13  3 12 19 18 16  7 17 11 10  8  2  4  5 15  9  1  6
 15  7  8  2 14 12  3  4 13  5  1  9 17 18  6 11 20 19 10 16
 16 13  6 10  2 14 15  8  5  7 12  1  4 17 18 20 11  3  9 19
 15  4  1 19 20  9  5 10 14 12 13 11  7  2  8 16 18  3 17  6
 19 17 11  2  5  3 20 10  9 13  1  6 14  7 18  8  4 12 16 15
  6 18 11  5  1 10 19  9 12  4 17 16 20  8 15 13 14  2  7  3
 10 19 20  5  1  9 18 13 14 11 17 15  2  7  3 12  4  8 16  6
 17  1 13  9  2 14 11  4 20  7 10 19  5  3  8 16  6 18 15 12
  5 13 15  8 19 18  1  7  2 10  9 12 20  4 11 14  3 17  6 16
  5  4  9  2 18 10 15 12  6 16 11 17 19 14  3  1  7 20  8 13
  7  8 12 13  6 20 10 19 11  2  9 18  4  1 14 15  5  3 17 16
 19 16 18 13 17 20 11  9 15 10  4  2  7 12  3  1  8  6 14  5
  4 17 20 14 12 10 13  5  6 16  3 11 15  9  1 18  7  8  2 19
  6  3 14 18 17 13 12  9 10  2  4 11 16 20 15 19  8  7  5  1
  3 15  8  1 12 19  7 11 17  5 10 20 13  2 16 14  9  4 18  6
 10 19 18 12 16 17  7 20  2  3 11  6 15 13 14  5  4  9  8  1
  5 15 19  8  7 14  6 10  1  4 12 13  3 18  2 11 16 20 17  9
  6  9 18 10 11 17 14  8  3  7 19 20 16  1 15  5 13 12  2  4
 19  9 10  4 17 11 12  5 18  1 13  2  7 16  8 20  3 15 14  6
  2 12 16  8 17  5  4  1 14 11  7 10 15  6  3  9 18 13 20 19
 12  7 14 10  8  1 16 17  9  5 13  6 15 11  2  3 19 18  4 20
 14 16  4 19 15  2 12 17  9  8 10  1  5  7 13 18  3 11 20  6
 13  4 10  6 14 20  5 18 19  7 15 12  2  9  8 17 16  3  1 11
  6  5 18 10  4 17 11  3  1 14 15 12 13  7  2  8 19 16  9 20
  9 19 17 20  5 11 14  4 15 16  3  6  7 18  2 12 10  1  8 13
 15  2  6 18 16  7 13 11  4  8 10 19 12  5 14  9 17  1 20  3
 16 11 10  4  3  9 13 20 18  1 14  5 17  7  2  6 15  8 19 12
 11  2  4  8 15  1  6 12 16 13  5 18 17  7 14 10 20  9 19  3
 13 18 19  3 12 10 11  1 16  6 20  8  9 17  7 14  4  2 15  5
  1  8 10 19 20 15  7  9  2  5 18 13 11 14 17  3  6 12  4 16
Nb of jobs, Nb of Machines, Time seed, Machine seed, Upper bound, Lower bound
        50        20  341706507  286513148      2725      2725
Times
 32 13 32 51 74 73 48 13  6 59 33 18 85 13 57 82 71 32 75 50
  6 64 34 60 49  3 59 47 15 77 24 78 71 19 65 88 23  2 32  5
 69 26 30 90 43 17 23 62 17  4 18 70 19 15 17 84 54 17 55 81
 23  7 49 94 75 56 92 58 32 88 39 59 13 14 49 53 18 13 56 35
 11 59 77 20 60 33 16 13 72 35 36 92 31 92 53 89 70 21 37 12
 69 55 23 81 43 62 17 95 39 29 21 95 62 41 74 75  7 99 58  8
 11 84 17 87 45 68 10 10 14 86 90 94  9 76 75 62 61 23 96 99
 88 84 41 81  4  6 72 98 70 27  9 45 51 84 92 41 20 19 62 29
 52 25  6 91 12 79 26 80  6 16 84 33 13 64 61 41 77 31 74 67
 60 95 20 99 30 48 11 55  7 55 17 79 18 59 22 26 35  1 25 40
 21 14 63 63 89 19 84 85 26 78 53 98 23 84 53 47  2 98 58 62
 17 52 12 60 21 10 18 30 57 65 31 18 95 88 41 92 75 18 87 56
 36  6 93 57 28  9 93 18 38 53 88 99 11 86 75 87 16 29  9 53
 70 59 33  8 80  8 58 97 96 47 36 29  1 13 17 34 34 34 65  7
 62 33 45  4 20 14 24 84 58 90 95 46 60 11 29 39 24 22 93 58
 30 49 93 82 67 25 63 99  5 93 72 13 17 73  5 39 20 27 50 67
 99 22 94 70 69 41 46 88 87 11 55 51 56 32 29  6 97 54 92 84
 92 29 58 91 18 15 22 79 18 95 14 66 47 70 90 60 79  6 60 57
  8 64 97 20 17  2 65 92 29 27 62 49 95  5 93 38 82 41 43 16
 15 11 33 83 78 32 19 52 86 20  8 22 42 80 61 76 15 86 15 73
 48 28 37 12 61 89 31 90 92 52 99 51 48 98 99 47 98 17 32 70
 78 32 66 34 58  6 93 19 97 42 27 22 16 92 41 87 32 49  1 10
 99 57 77 48 33 59 51 91 75 24 15 16 56 80 42 69 73 86 85 58
 72 61 26 62 15 44  3  7 78 56 90 84 34 13 95 61 52 76 22 41
 24 16 13 88 92 17 27 23 10 88 88 43 70 74 84  5 36 71 68 69
 58 70 26 59 19 87 55 12 49 41 87 52 85 39 38 21 49 16  8 85
 48 40 65 92 11 29 68 70 21 49 42 67 40  6 39 29 41 82 93 19
 54 66 18 54 85 42 35 55 58 33 52 28 31 97 51 14 99 50 14 31
 77 11 61 44 20 39 21 80  3 44 13 73 96 69  5  2 73 74 30 42
 93 85 73 76 33 93 98 84 83 54 15 17 33 82 52 72 37 95 45 50
 82 47 93 41 23 98 12 52 78 11  2 25  2 39 79 96 33 81 74 40
 66 36 12 88 83  4 84 68 27 65 90 73  1 44 27 96 73 12 27 22
  1 41 53 29 75 17 53 83 62 93  5 94 25 65 68 44 16 48 58  7
  9 15 42 32 51 74 58 26 51 25  9 52 87 23 70 58 14 49 51 54
 85 14  8  8 50 94 11 87 44 35 69 62 35 55 77 92 89 20 65 13
 80 79 32 35 67 44 37  7 93 73  6 77 77 84 12 48 51 73 89 27
 65  1 29 60 55 47 69 88 62 22 44  3 56 75 80  1 65 76  4 66
  3  6 61 62 54 85 26  4 27 54 84  3  2 12 44 89 81 16 79 68
 15 34 70 90 47 72 25 57 20 80 88 44 78 79 53 42 64 84 15 42
 29 54 11 93  2 86 81 23 99 49 98 78 14 25 74 94 91 32  5 69
 23 94 61 39  8 71 93 72 55 95 12 60 82 46 82  7 55 38 86 35
 45 56 10 49 77 43  8 66 31 74 93 49 57 23 26 97 94 71 23 97
 56 90 71 50 29 63  1 69 97 85 42 20 20  3 43 86 97 22 52 21
 81 12 71 39 99 70 35 84 22 47 64 98  7 12 75 64 86 27 38 10
 35  6 91 16 46 79 55 96 86 45 43  5 95 14 30  4 38 91  9 44
 20 65 18 21 13 74 44 39 97 24 33 14 43 17 80 73 39  6 14 43
 61 83 46 71 25  8 81 60 14 30 10  1 61 53 20 19 15 12 10 35
 36  8 78 32 93 31 11 41 12 10 49 19 99 73 95 38 83 11 25 37
 37 90 80 26 42 34 67 59 81 74 17 41 27 72 37 82 78 76 59 14
 47  1 10 88 38 83 83 99  1 28 61 62 76 43 29 83 97 60 29 73
Machines
  8 16 12  6 10 17  1  9  2  5 15 19 14 11  4 20  7  3 18 13
 16  1  3  6 13 18 11  5 12  2 19  4 10 15 20  9  7 17  8 14
 16 12  9 18  4  8 13 14  3 17  5 20 10 15  1  6  2 19 11  7
  7 17  2  8 12  6 15  5 18  3 20  4 19 11 10  1 14 16  9 13
 14  9  3  1 20 12 10 11  8  2 18 13  7 15 17  5 16 19  6  4
 10  6 15 18 13 12  4  1 14 11 19  2  9  8 17 16 20  7  3  5
 16 13  5  3 15  6 17 19 12  9  8 11 14 18  1 20  2  7  4 10
 11  1 19  2 17  8  9  4 14  7 16 10 20 12 15 13  3  5  6 18
  8 15  1  7 13  2 12 20  9  6  4 19  3 11 14 17  5 10 16 18
  1  8  6  9 15  2  5 16 13  3  4 10 11  7 19 12 17 20 14 18
  7 11 15  8 12  1 20 16  5 10  6 17  9  3  2  4 19 14 18 13
 13  5  2 16 20 17 18 12  7  3 14  9 19  4  1  6 15  8 11 10
  2  6 11  5 10  3 17 20  8 15  4 12 18 13 14  9 16 19  1  7
 19  3  8 18 15 16  5  4 12 20 10  6 13  7  9  2 17 11  1 14
  6 16 12 15 13 14 19 10 20  3 17  7  5  4  2  1  8  9 18 11
 17 20  1 13 19 16  2  8 15 10 12 14  6  3  5 18  7  9 11  4
 11 20 17  8  7  5 16  4 14 12  9 18 19  2 15  3 10  6  1 13
  2  4 18 19  6 12 15 10 17 13 20 14  3  5  1  7  9  8 11 16
  9 12 16  3  4 11 19  7  6 18 13 20  8 17 10  2  1  5 15 14
 11 19  9 14 16 20  5 10  7 17  1  6  3 18  2 13 12  8 15  4
 14 13  8  7 16 17 12  3 10 20 19 18 15  6  1  2  5  4  9 11
 13  3  2  6  4 15  9 18 11 14 10 12 20 19  8  5  7  1 16 17
 19  6 18  2 13 15  8 11  7 20  5 10  1 17 12 16  4  9 14  3
 20 16  5  8  9 10  7  1 11  4 19 14  2 18 17  3 12 15 13  6
  6 16 17 10 18  2  8 14  7  1 19 12 13  5 11 20 15  4  9  3
 18  9  6  1 14 17  3  2 20 19 15  5  4 13 16  8 11  7 10 12
 13 15 20  3  6 10 18  8  4  1 19  2 14 17  9 11 12  5  7 16
  6  4 11  2 15 12 17 13  1  5 20 18  7  8 14  9  3 19 10 16
  4  7 14 19  3 20  6 16 12  2 15 18 11  5 17  9 10  1  8 13
 15 12  1 13 18  2 20  8 16 14 19  5  4  3  9 11 10  6  7 17
  8  7 20 13  5  1  9 15 10 11  2 16 12 18  6 19  3  4 14 17
  7 15  6  1  4 18 13 17 10  3 14  2  9  5  8 12 20 16 19 11
 17  9  5  2 14  1 12 18 13  4 16 20 19 15  7  3 10  8  6 11
 10  1 17 11 20  4  5  6 13  7 18  2  3  8 12 19 16 15  9 14
 10  6  2  9  3  1 12 15 20  5  8 19 11 16 13 18 14 17  7  4
 11 12 15  8 14 16 10  6  2  3  5 17  4 20  9 19  1 18 13  7
 13 17 10  4 14 19  2  6 11  8 18  3  9  5 12  1 16  7 20 15
  1 19 17 10 14  2 11  8  4  6 13  3  7  5 20 16 12  9 18 15
  4 12 19 13 16 18  1 20  5 14 17  8 10  3  7 15 11  6  9  2
 14  7 17 11  2 10  1  8 19  9  4 12 16  6  3 15 18 13  5 20
  4  7 13 16 15  8 11 14 18 17  2  3  5  1  9 19  6 12 10 20
  7  3 20  6 13 10 11 12 17 18 14  1  2 19  5 15  9  4  8 16
  4 20 19 11  5  6  1 18 10 14 17  2 13  9  8  7 15 16  3 12
  9 17 10  8 11 16  4  5 19 18  7 20  3 15  2  6 13 14  1 12
 10  5  8 13  7 14 16 18  2  6 12  3 15  4 20  9  1 11 19 17
  5  2  8 20 18  1 10 19 17 11  4 13  3 15  7 16 14 12  6  9
 16  3 20 15 17 10  2 14 11 19 18  6  1  5 12  8  4  9 13  7
 17 15 11 13 14  8  9 10 19 18  6  5 20 12  3  1  7  4  2 16
 12 15  1  7  3 10 16  6 13 11 17  4  8  5 20 19 14 18  9  2
 14  8 12  1  2 20 10 18  9 13 19  3 15 17  4  5 16 11  7  6
Nb of jobs, Nb of Machines, Time seed, Machine seed, Upper bound, Lower bound
        50        20  320167954 1411193018      2845      2845
Times
 75 50  4 34 36 69 52 44 42 12 50 12 71 89 31 14 13 53 43 43
 27 18 70 84  8 62 91 24 94 98 78 90  1 24 96 61 90 67  7 72
 56 84 95 32  8 43 37 25 10 85 78 76 94 60 37 68 11 66 66 83
 65 95 66  4 34 55 35 32 78 52 10 58  9 73 18 52 57 59 27 89
 31 81 45 21 74  7 43 35 23 63 12 92 78  9 30 22 19 70  4 17
 53 51 35 11 55 18 89 91 16 82 84  4  2 95 17 92 81 22  7 58
 92 47 10 47  4 75 41 51  2 73 52 38 44 23 31 90 90 81 75 84
 31 20 32 54 10 96  6 81 73 75 95 81 31 81 90 33 64 96 21  1
 67 61 18 81 77 35 12 28 82 10 71 94 51 54 25 37 34  2 71 60
 29 78 33 54 20 75 88 35 70 35 53 36 82 26 24 28 10 98 86  2
 30  2 96 66  3 81  4 53 12 36 61 78 25 75 44 12 81 23 41 87
 98 47 85 90 74 94 24 18  8 90 55 67 52  3 28 29 73 96 57 55
 18 72 88 58  5 81 93 95 36 51 53 61 72 63 36 48 96 92 21 61
 55 45 91 24 77 71 12 91 68 55 88 76 89 14 92 64 66 13 48 57
 92 18 56 69 86 23 33 86 52 71 97  9 16 38 69 34 43  1 71 84
 59 50 11 21 47 52 78 72 86 28 81  5 29 36  7 68 28 97 49 93
 34 20 32 90 59 53 92  1  8 10 10 25  8 53 25 79 85 28 10 33
 37 51 79  6 28 40 19 60 14 12 31 25 15 84 83 85 87 34 42 92
 24  3 12 39  5 28 51 68 36  6 12 54 61 11 99 39 53  3 33 48
 38 81 84 12 36 96 67 46 90 78 22 83 85 97 50 78 91 83 49 31
 10 42 29  1 88  7 11 41 51 40 90 20 42 40 25 31  8 86 84 25
 12 70 93 77 18 13 70 35 97 50 32 88 98 37 82 53 21 93 60 93
 14 85 21 25 72 38 43 68 38 18 35 49 99 48 87 11 16 96 36 84
  6 23 97 72 32 77 35 62 15 72 48 34 51 24 71 18  5 37 56 13
 10 38 81 77 83 40 43 64 91  1 48 80 15 21 27 16 60 45 65 88
 20  4 79 87 27 84 20 46 91  9 24 98 28  2 76 22 88 67 32 37
 23  7 62 49 98 61 59 38 13  5 75 74 65 66 60 14 79 45 47 51
 23 45 96 35 37 34 29 12 89 69 74 52 98 17 86 76 96 66 86 37
 74 99  9  9 74 83  3 96 44 23  3 18  3 45 38 24 91 36 22 15
 34 23 68 11 53 77 71 65 77 48 43 45 83  7 93 65 83  8  5 74
 40 15 30 90 62 15 13  3 49 90 55 65 85 87 24 61 50 48 77 21
 42 91 70  8 45 24 63 86 16 68 57 18 60 81  3 17 68 97 42 54
 87 95 25 61  9 30 84 21 88 83 72 86 20 73 39 71 52 37 72 40
 46 45 87 44 27 44 19 51 83  2 21 13 50 17 95 83 33 29 92 62
 22 73 35  4 22 99 99 65 54 72 59 98 44 19 23 95 87 69 68 57
 20 79 95  6 38 36 37 21 62 48 78 18 70 78  1 21 85 39 34 98
 56 60 33 80 68 60 41 82 17 89 59 71 49 75 45 22 60 83 71 22
 72 72 11 15 72 65 56 77 68 17 59 17 68 69 71 60 39 42 78 62
 12 27 16 23 12 74 72 48 35 53  9 80 68 15 62 23 14 89 12 67
 74 53 76 97 71 81 28 70 67 26 97 11 77 56 62 41 50 40 35 79
 75  3 32 10 93  2 63  4  4 18 85 28 55 80 59 74 51 74 20 46
 32 77 49 76  6 93 57 11 69 35 59 20 22 13 35 99 95 99 74 96
 55 38 80 25 73 56 87 16  2 80 43 50 68 12 19 25 17 52 31 31
 53 69 57 98 48 26 30 20 74 47 99 78 97 94 80 74 42  2 46 32
 54 14 96 39  1 98 43 57 29 76 36 58 93 17 38 81 74 20 39 98
 80 94 69 69 54 30 86 80  6 72 65 45 89 67  6 28 76 28 29 28
  1 74  8 96 20  7 26 25 18 84 29 92 18 38 93  8 32 67 81 17
 36 41 72 31 28 52 14 59 97 71 92 50  4 96  6 99  1 70 58 92
 24 81 84 57 59 94 31 98 37 64 69 56 71 23 30 97 86 29 16 75
 33 81 58 81  2 25 17  1 72 33 18 22 44 28 69 92 90 43 53 76
Machines
 11  6  3 18 15 20  2  5  9 17 12  4  1  7  8 13 14 19 16 10
  6 14  5  4 20 19 17  3  1 11 12  8  2 16 13 15 10  9 18  7
 11 16 20 10 17 13  8 18  9  2 19 14  7  6  5  1 15 12  3  4
 13 11  9  5 16 19 12 17  7 10  1  2 20  6  4 18  3 15  8 14
  6 16  7  8  4 18 10 12  2 19 13 14  5 20  1 11 15  9  3 17
 18 10  9 15 11 17 14 13 12 16  3  4  6  1  2  5  7  8 19 20
 16 20 19 13  3  4  6  1 15  5  9  2  8 18 11 10 12 14 17  7
  7  6 17  5 14  2 10  8 15 12  1  4  3 11 19 16 20 18  9 13
 18  2  4  7  1 10 13 20 17  8  9  5  3 14  6 19 16 12 15 11
 13 18  6 17  8  2  9  1 20  7  4 15  3 11 16  5 19 14 10 12
  3 19  1 20 11 18  2  9  8 17 16 15  6  5  7 14  4 13 12 10
  8  3 13  1 17 15  4 16 18  6 20  5 11  9 19  2 14 10 12  7
 18  1 13  5  6  2 11  9 12 16  4 17  8  7 20 14 10 15 19  3
 10 16  5  4 19  2 17 15 14  6 20  1  9  8 11 13 18 12  3  7
  9  6  4 20  2  3 18 14  7 11 13 16 12  1 10 15  5  8 17 19
  2 16  9 14  5 13 18 20  7 10  1  3 19 15 12  6  4 17 11  8
 15 10 19  7 18 11 20 17  5  6 13 16  1 14  2 12  4  9  8  3
  9 18  6 14 10 15  8 19  1 11  2  3 16 17  7 12  4 13  5 20
 15  7  9 14 17  1  3  4 10 19 16 11 12  5  6 20  2  8 13 18
 15  9  3  8 20  6 17  7  2 14 19 12  1  5 16 13 11 10  4 18
 10  6 20  4 12  5 13  3  9  2 14  7  1 19 11 18 15 16 17  8
 19 13  1  9  3  2 17 16 14 15 12  5  8  6 10  4 11 18  7 20
 20 16  1  8 13  5  4  7 11 18 15 17  9  3 10 14 19 12  2  6
 18 10 11  9 12 17 20 13 15  7  2 16  1  8  5  3  4  6 14 19
  2 18  6 19  3  8 17 12 16  5  1 11  9  4 13 20 15 14 10  7
  1 18 10 16 17  2  7  4 13 11  9  6 14  3 20  8  5 12 15 19
  5 13  3  2 18 15  7 16  1 10  6 12  8 19  4 11 17 14  9 20
  2  7 14 20 19 12 18  8 11 16  5  4 10  1 17 13  9  3 15  6
  3  5 17 13 15 16 10  9 20 11 14  1  2 12  6  7  8 18  4 19
 16  5  7 14 15 20  6  2 18 17 13 12 11 19  9  3  1  4  8 10
  9  3 16 13 11  4 19 14 10  1  6  8 20 17 18  2 12  5  7 15
 20  9 11 17 19  7 15 14 12 10  3  8  4  5  1  2  6 16 18 13
 16 10 17 11 19 14 12 15  7  4  2  5  9 20 18  8  1  3  6 13
  2 13 18  3 10 11 16 20  5 17 19 12  8  9 14  1 15  6  4  7
  7 20  3 18 16 13 15 17  5  8  2 12  6 14 10  1 19  4  9 11
  4  1  7  3 13 17  6  9 19  2 14 10 12 15 20 11 18  8 16  5
 15  8  4  7 10  9 17  2 16  3 18 14  6 13 20 11 19 12  5  1
 19 14 20  3 11  7  5 15 16 10  8 17  2  1 13  6 12 18  9  4
 13  2 11  4  1 14  3 19 16 17 10  9  5  8 20  6 12 15  7 18
  8 13  3 14  7  5 18  1 16 20 17  4  2  6 15 12 11 19  9 10
  3 19  6 13  1  7 20 10  2 16 14 15  4 17  9 18 12 11  5  8
  5  3  9 12  4 15 20 11 10 19  7  2  6 14 18  1 16 17  8 13
  4 17 15 16 13 20 19  7  8  6 11  3  5  1 12  2 14 18  9 10
 15  4 10 17  5 18  7 11  1 19  2 16  6 13 12  3  8 20 14  9
 10 13  2 15 16  8  9  3  7 11 19  4 20 12 18 14  5 17  6  1
  1 20 13 16 14  8 18  7  6 19 10  3 15  4 17 12  2  9  5 11
 15 12  7  9  8 13  6  5 20 19 16 17  3  1 11 14 18 10  4  2
 13 12 14 20 10 19  6  7  3 16 15  1  9  2  4  8 17 18 11  5
  7  2 10  6 16 12 11  8  1 13  3  9 15 18 14  4 17 19 20  5
  3 14  9 11 19  5  7  8  6 12 17  4 18 20  1 15 16 13  2 10
Nb of jobs, Nb of Machines, Time seed, Machine seed, Upper bound, Lower bound
        50        20 1089696753  298068750      2841      2812
Times
 37 64 15 52 71 38 53 70 76 76 61 10 51 59 12 74 61 52 68 19
 79 71 32 18  9 99 85 94 41  1 18 98  2 47 57 44 25 48 12 24
 50 55 25 24 43 64 40 37 30 71 64 13 33 26 42 64 55 76 17  8
 31 22 38  9 84 68 35 94 79 79 40 39  9 36 82 39 33 43 86 74
 17 73 55 30 28 35 72 30 50  3 84 72  4 73 54 15 64 43 10 80
 55 13 64 94 89 21 31 82 54 16  8 99 70 22 89 65 56 92 15 77
 41  4 42 81 82 56 79 97 47 91 48 86 28 80 89 91 44 67 67 53
 27 96 43 23 50 78 46 13 54 20 37 22 13 53  4 53  7 53 56  4
 28 83 63 76  2 11 16 55 78 55 77 32 27 46 17 45 40 94 10 12
 59 81 85 87 37 30 32 10 72 99 23 32 27 32 77  6 60 85 79 66
 89  8 85 49 54 13 32 33 53 76 83 75 29 79 65 50 37 18 36 46
 51  5  6 64 33 14 42 12 92 68 94 29 89 40 10 43  8 82 88 86
  7 85 12 56 61  6 77 64 40 13 86 38 89 98 42 93 86 97 33 22
 86 45 99 80  8 76 42 14 81 85 88 16 48 23 27 49 42  5 61 26
 36 60 80 34 30 53 91  2 89 31 61 35 69 28 16 70 88  1 97 33
 48 21 64 50 79 26 20 11 16  3 61 29 97 66 98 51 54 50 96 33
 61 16 30 30 96 35 20 63 61 15 45 63 66 61 70 75 89 97 17 60
 78 41  9  8 26 69 55 30  7 27 59 33 18 77 57 90 24 41  6 71
 61 27 46 30 46 15 24 99 44  1 16 11 15 38 54 13 73 68 85 54
 14 33 65 97 74 55 18 76 74 70 78 15 40 22 56 68 31 53 19 89
 61 97 92 64 89 51 68 83 21  5  5 85 67 94 97 71 39 58 30 82
 82 20 82 14 71 91 61 19 67 78 53 56 40 51 46 95 38 12  9 90
 97 90 34 99 28 84 65 57 29 87 13 23 51 88 36  7 34 18 59 96
 19 85 91 30 69  2 96 21 81 32 79 46 92 88  3 20 53 21 57 20
  9  5 50 26 67 64 34 73 29 56  7 70 54 47 82 30 17 92  2 23
 41 79 72 88  1 64 99 32 55 80 28 87 65 36 72  5 13 56 32 72
 56 85 52 64 60 81 44 43  9  4 61 24 62 56 17  9 29 45 63  7
 64 68 94 46 16 10 81 19 91 75 95 21 50 82  2 73 55 93 39 35
 69 65 25 51 28 76  1  3  6 74 11 59 91 10 35  8 27 35 28 97
 41 45 53 13 92 56 42 48 67 97 80 57 80 10 90 26 68 35 84 99
 43 68 28 76 32 20 89 28 46 17 41 32 37 32 48 47 32  2 26 37
 83  8  5 24 69 69 93 54 90 15 63 71 84 78 62 84 99 82 30 51
 69 64 75 23 93 48 11 18 89 96 70 99 52 70 23 85 50 81 17  5
 87 55 48 85 17 79 73 19 22 37 12 19  9  5  4 85 88 46 10  4
 86 36 90 63 48  4 15 15 15 39 73 89 58 80 71 54 25 41 84 73
 42 48 88 71 68 25 33 88 62 51 49 76 22 47 63 61 16 10 94 47
 32 41 99 48 82 52 46 67 63 16 24 32 88 74 13 24 82 28 74 14
 56 60 70 93 22 62 50  2 15 99 20 45  6 81 13 51 12 12 55 35
 46 12 92 23 99 11 99 88 22 18 29 53 56 56 43 53 10 41 61 12
 49 48 25 40 20 10 96  8 48 91 88 30 90 53 25 32 43 50  3  4
 90 42 20 12 61 89  2 57 26 77 32 41 89 45 55 37 66 11  1 55
 22 39 26 85 61 54 27 25 31 47 54 16 77 29 71 24 86 68 21 40
 63 25 19 97 61 71 76 52 18 27 97 74 16 10 72 61 48 96 83 98
 14 23 81 53 83 93 86 45 71  9 94 91 90 34 75  1 73 83 75 68
 18 64 22 33  9 57 42  1  9 45 20 24 68 86 59 90 56 41 39 43
 45 67 45 18 69 26 38  1 71 64 29 77 50 23 24 67 80 89 96 21
 39 45 60 65 67 91 99 96  3 11  1 14 94  9 13 82  8 58 13 76
 57 50 55 54 46 52 44  3 71 80  7 66 25  5 44 44 76 83 38 94
 69 32 47 61 71 39 56 69 32 60 22 68 18  9 76 44 39 22 16 95
 48 92 62 48 93 27 80 48 85 62 24 67 88 29  5  3 77 47 13 60
Machines
 16  3 18 12  4 20  6 15  8 11 19  2 13 10 14  5  7 17  1  9
 11 19 15  2 10  7  6 17 12 20  1  5  4  3 16 18  8 14  9 13
 17 13  9  4  7 10 19 20  5 11 14 12  6 15 16  2  1 18  3  8
  9 13  7 20  5  6 15  3 12 17 19 11  1 18 10 14  2  8 16  4
 19 17 18  4  9 15 16  6  2 10 20 14 12  1  3  7  5 13 11  8
  8  4 13 17 11 19  7  5 10 20 16 12  1 18  3  6 15 14  9  2
 19 20  8  6 11 17 16  7 14 18  2  3 15 13  4 10  5  9 12  1
 16 14  9 20  7 12  4  1 19 10 17  2  3 13  8  5 15 11  6 18
  2  1 19  7 18 17  6 14 11 16 10 20  5 13 15  3  4  9  8 12
 19  3 18  1  6  2 14 10 11 12  8  7 13 15  4 16  9 17  5 20
 11  2  6  4 20  3  5 19 16 14  7 13 10  1  8  9 12 15 18 17
 12 15  7  3 10  5  1  2  9  8 19 14 20 16 17 18  4  6 13 11
 17  1 14 12  3  9  6 10  5  8 16 15 19 11 13 20  4  7  2 18
  8  1 14  6 15 10  4 16  5  9 12 13 20 18 17  3  2  7 11 19
  4 12 11  7  9  6 18 10 15 13  3 17 19  8  2 16 20  5 14  1
 14 15 18 12 17  6  3  4  7  2 19 10 16 13  1  5 20  9 11  8
  9 14 11  8 10 13  3 15  7 19 12  2  5 20 18  4  1 17  6 16
  8 17  3  7  4  6  2  1 10 14 15 13 19  5 11 12 16 20 18  9
 18  8  2 17 19 10 11 12  7  3 16  6  4 20 15 13  5 14  9  1
 13  7 17 12  9 15  1 20  2  3 11  4 19 18  8 10 14  6 16  5
 14  4  8  2  7 20 17 12 15 18  3 19  5 11  9 16  1  6 10 13
  2 13 19  6 20  3 15 18 11  4 10  5 14 12  1  7 16  8  9 17
  7  5  9 12 18 14  6 13  2 10 16 11  3  1 20  4 17 19 15  8
  5  8  6 20 13 10 16  2 18  7 17 19 15  1 14  4 11 12  3  9
 11  3  1 14  5 17 13  2  8 16  6 10  4  7 19 15 18  9 12 20
 12 15  8 17  4 11  7 14  5  3  1 16  6 19  2 10 18  9 13 20
  5 17  9  4  1 18  6 13  3  8 10 19 15 11 14 20 12  7  2 16
 17  6  8 11  9 18 15  1 14 19 16 13  2  7 12 20  3  5 10  4
 13  9  8 18  3  5 10 19  2  6 11 14 12 20  1 16 15 17  7  4
 16  4 17 20  7 12  9  1 13  6 10  5 19  2  8 14  3 11 18 15
 14 10  2  1  9 12  6 11 18 19 17  3 15 20  5  4  8  7 13 16
 12 17  5 18 19  7  4 14 13 20 15 16  2  8  1  6 10 11  9  3
  2  4 10  1  6 18  9  8 14 12 19 11 17  5  7  3 13 20 16 15
 16  1 11  5  3  9  7 13 14  8 19  4 17 12 15  6 20 18  2 10
  8  4 14  2 13  3 10 16  9 15  7 11 12  5  1 19  6 17 18 20
 19  7  4 10 11 14 13  6  8 20 16  2  9 18 12  5  1 15  3 17
 16 14  5  1  3 11  4  9 20 10 18 12 19  7  2  8  6 17 13 15
  8 20 19 17  9 13  5  7  1 15 10  3 16  6  4  2 14 11 12 18
 18  8 20 17  3 14 19 12  1  2  4 11 16  7 10  5  9 13 15  6
 10 19  3  5  2 11 18  6  1  9  4 16 13  7 17 12 20  8 15 14
  8 19  2 10  6 14 17 12 20 15  3 16  4 18  9 13  7  5  1 11
  6  5 11 17  8  2  3 12  1 14  9 15  7 20  4 19 10 18 16 13
  3 14 11  7  2 16 19  8 13 20 12  4  6 17  1 15  9 18  5 10
  3 14 18  1 20  8 13  7 11  4  2 19  5 12 17  9 15  6 16 10
  8  6 15 17  2 18 16  7  9 13  5 19  3 12 20 11  1 10 14  4
 12 17  3  8 20  4 15  5  7  9  6 18 11 16 13 14 10  2  1 19
  3 16  5 19  4 13  7 10 20  9  6  1 14 11  8 12 15 17 18  2
 19 18 20  2  4 15 14 16  9  1  6  8 11 13  5 12 10  7  3 17
 18  5  7 17 16 12 13  9 11  2  3  4  8 14 15  6  1 10 19 20
  8 16  7  4 13 10  9  1  3 19 18 12 11 17  6  5 14 15  2 20
Nb of jobs, Nb of Machines, Time seed, Machine seed, Upper bound, Lower bound
        50        20  433032965 1589656152      2784      2764
Times
  8 41  4 52 47 67 65 18 73 10 70 66 64 53 34 28 74 40  8 30
 37 91 97  6 48 90 32 12 93 15 33  5  2 11 96 16 82 49 48 81
 11 70  4 92 18 41 77  5 49 94 32 67  2 16 21 69 89 32  6 33
 87  3 82 44 16 54  9 49 28 70 85 34 53 37 59 66 41 96 84 54
  1 31 73 35 81 84 34 53 73 30 63 76 62 14 30 31 89 28 92  3
 64 46 81 38 46 69 10 27 36 94 53 31 15 59 31  6  1 28 43 92
 27 78 10 19 89 91 42 13 75  2 36 14 59 14  9 34  3 85 44 94
  8 90 38 23 69 34 13 62 38 74 67 45 62 32 86 59 84 66 37 52
 45 30 23  7 92 72 34 63 68 36 75 10 27 89 31 88 46 36 71 23
 72 36  5 98 38 99 92 92 63 20 42 77 71  3 80 95 84 32 32 66
 63 15 66 16 51 26 24 78 54 66 51 30 37 72 77 11 33 30 36 24
 78 75 35 10 81  1 28 58 80 61 52 74 17 11 64 69 27 92 79 89
 25 19 53 36 53 27  8 23 86 31  2 95 53 29 35 28  1 71 57 56
 11 56 64 45 96 94 48 79 48 58 32 58 13 95 39 21 18 83 45 69
 88 25  9 83 12 79 41 89 93 46 24 41 59 56 19 12 34 80 81 51
 22 49 73 59 48 76 78 69 66 27 73 46 42 53 62 39 15  4 76 53
 96 91 71 60 60 60 44 18 82 90 77 93 24  6 77 56 82 15 85 41
  4  8 10  4 23 17 33 50 24 12 29 65 43 68 66 82 22 89 58 25
  4 14 62 43 49 18 91 83 53 35 79 62 42 17 62 39 76 43  9 39
  1 98 77 28  3  8 43 53  4 80 81 98 61 91 32 65 52 29 49  1
 40 89 65 30 23 47 97 28  3  5  4 85 34 24 87 63 54 54 27 95
 50 24 37 99 14 99 25 64 73 64 24 86 10 76 56 81 62 49 19 78
 73 76 31  4 10 24 67 57 25 72 30 31 79 13 41 85 79 61 45  3
 72 49 50 95 81 80 50 41 48 68 15 29 68 83 72 25 56 19 80 60
 68 30 38 23  5 65  1 18 61 51 44 64 98 99 64 87 90 66 99  7
 94 60 19 40 46  7  7 86 32  3 25 89 59 69 89 65  9 77 35 42
 93 83 79 36 15 44 45 11 47  2 84 51 26 62 54 71 86 64 61 38
 88 37 37 36 59 14 89 93  6 47 44  1 82 84 50 21  4 20 98 37
 65  4 98 29 22  1 70 89 73  5 15 33 23 63 20 28 31 62 90 53
  5 51 90 91 24 98 31 90  3 56  5 41 75 57 49 75  1 66 65 58
 85 43 95 42 50 32 37  8 68 82 78 11 45 32 66 41 53 91 65 88
 87 16 43 86 67 82 70 65 56 53 22 17 94 61 69 73 33 69 36 64
 85  6 31 23 33  4 69 61 50 27 25 10 26 26 42  9 72 30 91 83
 44 77 51 49 37 20 69 95 84 43 86 86 57 29 70 94 38 39 61 60
 37 22 56 88 95 19 92 64 25 69 37  9 82 67 90 52 64 25 62 39
 68 36 85 37 66 31 35 97 76 22 45 80 90 48  5 56 50 66 54 53
 86 21 36 42 67 38 28 58 41  1 67 45 25 18 12 71 49 28 21 52
 93 97 35 71 62 49 81 60 64 50 33 39  7 44 53 20 96 49 23 70
 15 22 40 12 19  5 32 85 48 46 97  4 97 95 90  2 69 95 68 18
 52 57 67 67 91 82 86 29  8 35 65 13 92 28 77 99 30 16 31 35
 85 24 60 60 89 99 88 15 45 60 38 44 38  4 95 27 27 15 76 53
 15 64 29 72 98 73 28 25 35 57 26 38 42 19 75  2 86 46 84  5
 57  4 83 13 80 45  6 46 63 94 54 69 69 43 62  6 15 35 62 44
 57 67 80 80 61 84 90 63 26 98 94 92 84 16 24 67 47 35 79 99
 63 45 49 38 32 87 41 33 18 40 50 84 36 99 77 16 52 20 60 66
  1 24 37 54 39 50 38 79 88 35 58 77 43 98 52 73 45 45 84 80
 26  9 92 70 87 33 14 83 34 98  5 99 93 94 43 36 26 11 28 16
 19 58 30 72 39 27 18 44 20 87 82 51 78 20 19 36 42 75 85 95
 41 46 81 17 25 80 41 29 99 14 28 25 58 24 59 45 17 53 16 86
 30  3 28 92 87 28 30 69 20 94 97 91  5 16 88 47 66 67 15 29
Machines
  5  4 19 18 13 14 15  7  8 12  2  6 17  9 10 16 11  1 20  3
 14  6 15 19  2 20 12  7  4  8  3  9  5 11 16 13 18 10  1 17
  6  4 19 16 12 20 13  2  7 18  5 14 15  1 10  9 11  8  3 17
 14 10  7  1  8  9  2  4 16 11  6 19  3 17  5 20 12 13 18 15
  2 12 20 19  1  9  5  8  6  3  7 14 16 17 10 18 11 15 13  4
  6 10  7 14  9 18 11 20 19  5 15 12  4 13  3 17 16  2  1  8
  9  1  5 16  3 15 19 17 12 18  7  8  6  4 14 10 11  2 20 13
  6 14  2  7 18  9  1  8 11 17 16 13  3 20 15 19 12 10  5  4
 17 16 19  3 15  1 13  7  4 12 10 18 20 14  6  9  8  2  5 11
 19 13 10  6 12  7 20 15  2  5 18 17  4  9 14 16 11  3  8  1
  3  4 14  1 10  8 20 18  9  2 15 19  7 17  6 16 13 11  5 12
  8 15 17  6 20  9  2  4 12  1 18 16  3 10 19 14 11 13  7  5
 11 18 12 10 20  2 16  5 19 15  8 17 13  3  6  1 14  9  7  4
  9  3 18 20 11 15 14 17 13 12  7 19  4 10  6  1  5  8  2 16
 11 12  8 19 18 15 17  2 10  9  3 13  4 20 16  6  5  1 14  7
  6 12 10 19 13  9  3 15  2 16  8  7 17  1  5 11 20 18  4 14
 13  8 17  6  7 16 18  1 14  9 20 11  3  5 19 15 10  4  2 12
 10  5 18 15 11  1 19  3 14 17  7 20 13  9  4  8 12  2 16  6
  6 14  2 15  1  7 20  4  8 11 10  5 12 19 18  3 16 17  9 13
  5  1 14  3  2  4 16 13 12  7 10 19  6  9 20 17 18 15  8 11
 11  2 16 18 10  7 19  5 20  8 14  6  4 12  1 15  9 13  3 17
 11 12 14  8  5 18  4 10 20 15  7  3 16 17 13 19  9  6  2  1
  8  5  6 13 10 14  4 18 12 17  9 20 11 15 19  7 16  1  3  2
 19  7 20 10 18 11 15 16 17  1 12  6 14  8  3  4 13  2  9  5
  7 16  8 15  6  9  3 10 18 12 20 13 11  2 19 17 14  4  1  5
 10  5  8 19  6  2 14 11 16  4  3 20 13 12 18 15  1  7 17  9
 17 20 14 19  2  4 10  9 13 12 11  1 16  8  3  6  5  7 18 15
  8  5 18 13 16  2  4  6 12 15  9 14 20 11 19  7 10 17  3  1
 17  9 13 20 19  8  5 14  7 15 18  4 11  2 10 12  1  3 16  6
 15  5 13 20 18 10 19  9  6 14  7  3 11 16  2 12  4  1  8 17
 16  9 18 10 20 19 11  1  6  8  7 14 13  4  5 12  2 15 17  3
 17 10 13 14  7  6 12 19 18  5 11  1  4 16  2  8  9 15 20  3
 17 11  8 16 10  4 15  6  2 12 13 19  3 20  5  1 18  7  9 14
 11  7 19 15  3  8 18  9  6  2  5 16 13  4 12 14 10  1 20 17
 17  4  3 12  8 15 10 16  2  7 11 19  1 20  6 14  9 18 13  5
  5 14  4 16 20 11 19 12 15 17  2  3 10  7  6  8  9 13 18  1
  5  4 19  3  1 18 15  9 16 14 10 17  2  6 20 12 11  8 13  7
 13 15  6  3  4 10  8 12 14 11  5 19  1 16  2 17  9 18 20  7
 14  1 12  9 19 18 11 20 17 16  7  2  6  5 15  3 13 10  4  8
  4  1 14  9  6  2  8  5 18 12 11 13  3 20 17 10 15  7 16 19
  8 20 16  6  4  2 13 12  5  1  9 17 18  3 11 19 10  7 15 14
 10 20  9  4 18 11 17 14 12 15  1 16  2 13  8  5  3  7 19  6
 20 14 12  7  3 13  8 15  1 16  9 18 17 19  2  4  6 10 11  5
  9 11 18 17 19 10 16  2  6  7  3  4  8  1 20 13 12 14  5 15
 12  9 11  8  1 16  6 18 20 19 17  3  4 15  7 10  2 14  5 13
 12 15 14  2 10  6  8 19  5  3 20 16  1 18 13  7 17 11  4  9
  7 16 20 17  6 13 12  5  1  3  4  9 11  8  2 18 15 19 10 14
 13 16 15  4  2  3 10 12 17  7 11 18  9 19  5 14  1  6 20  8
  7 10 11 12 13 19  1  5  2  3 14  9 17  8  4 15  6 20 16 18
  4  3  9 20 16 14  7  5 15 17 11  6 18  8 12 19  2 10 13  1
Nb of jobs, Nb of Machines, Time seed, Machine seed, Upper bound, Lower bound
        50        20  615974477  331205412      3071      3071
Times
 84 26 16 14 43 28 86 92 32 73 61 13 48 70 68 56 84 23 94 30
 77 32 55 22 83 19 49 80 27 69 46 86 51  1 88 77 98 48 24 63
 36 68 42 45 34 73 14 82 15 35 92 10 43 18 73 69 55 63 89 98
 42 23 29  8 93 19 64 47 19  4 84 72  2 89 77 12 92 67 38 87
 57 67 99  9 89 58 16 35 30 58 28 70 82 30 84  5 13  3 91  8
 34 34 32 17 49 13  4  7 38 62 46 29 87 23 44 93 15  9 56 42
  4 71 63 19 18 48 47 50 82 94 22  7 69 68 34 75 13 55 11 60
 44 20 86  2 90 32 54 40 40  3 20 68 84 40 91 53 77 83 97 63
 45 72  8 61 51 96 94 98 83 48  6 22 50 24 36 21 17 48 54 21
 24 20 92 47 99 85 20 90  1 20 36 58  2 86 42 38 69 79 43 55
 62 21 95 53 75 90 94 43 72 38 60 30  6 75 31 87 63 24 16 46
  5 48 88 78 84 85  1 79 95 42 21 69 89 68 56 30 96 98 75 24
 58 49 53 85 20 15 44 97 24 12 98 53 67 10 91 47 78  5 28  5
 55 30 68 34  3 58 18 20 33 62 70 87 55 91  2 33 22 20 26 99
 64 88 94 34  4 78 10 67 77 53 67 91 24 30 76 70 56 89 49 74
 95  9 29 45 64 73 62 11 31 77 61 20 54 37 17 31 32 98 20 94
 14 90 73 84 75 89 41 59 58 44 21 61 91 25 48 12 37 80 77 51
 47 92 11 73  4  9 95 22 32 89 64 19 69 83 91 34 80 94 93 82
 92 79 74  2 97 68 98 78 22 41 58 99 52 67 48 33 48 58 81 39
 20 96 64 95  6 26 39 26 92 12 65 14 71 31 97 24 85 89 11  5
 77 82 36 52 94 87  7 65 40 61 79  2  7 71 49 18 61 69 50 85
 63 50 88 90 35 20 69 88 43 94 51 94 12 90 36  3 99 37  8 69
 43 66 92 61 11 53 54 54 42 87 86 34  7 60 52 96 25 55 49 56
 11 71 60 73 91 99 22 74 80 79 97 93 85 72 96 52 70 11 95 85
 83 39 51 49 31 18 94 88 46 98 66  7 20 53  9  7 14 85 32 88
 98 91 78 43 55 45 59 77 31 91 60 61 62 59 89 25 18 29 49 53
 26 50  7 78 75  3 28 20 58 95 38 58 70 75  6 26 26 54 95 12
 81 71 22 56 17 14 65 90 29 47  8 39  9 58 95 25  1 65 44 66
 62 79 70 43 95 42  6 88  5 12 54 18 83 27 38 49 94 95 78 57
 18 36 70 10 25 25 72 69 15 17 31 60 69 39 54 56 85 47 40 10
  7 14 11 33 49 82 76 11 52 20 35 73 81 42  4 27 14 73 10 25
 54 81 52 25 78 23 38 59 22 45 66 94 57 82 51 54 25 97 55 38
 51 21 36 95 68 90 76 84 37 38 30 22 28 90  6 91 73 93 55 38
 78 17 41 69 94 83 24 55 62 27 24 70 50 21 51 19 20 59 45 22
  2 85 58 47 66 81 44 41 18 85 56  2 81  1 36 51 25 11 21  1
 87 65 11 85 37 26 89 27 10 13 62 30 24 79 98 61 65 29 27 14
 14 47 11 29 18 39 21 80 41 62 72 49 52 83 36 31 51 57 33 47
  9 96 42 39  6 67 59 91 81 90  7 49 96 51 38 56 47 95 23 18
 78 96 79 35 98 10  1 82 56 31 88 52 96 75 54 12 63 44 43 19
 35 73 40 52 92 77 57 66 36  7  6 69 84 54 53 97 38 93 28 66
 99 88 17 33  3 58 22 75 57  5 22 11 76 93 11 63 89 96 15 60
 48 96 13 45 77  9 60  8 87 29 56 39 82 34 20 58 41 48 56 41
 15 77 47 60 51 51 56 30 50 39 25 90 14 67 13 42 28 36  7  2
 12 68 91 12 73 74 76 59 60 20 83 88 25 77 65 44 30 84 28 63
 32 11 76 27 12 67 33 17 12 58 56 31 96 89 28 33 75 99 40 74
 90  1 68  4 95  9 61 45 63 35 81 77  9 53 44 59 96 76 94 20
 43 79 60 98  3  4 48 72 41 90 94 11 30 10 41 79 66 11 87 68
 91 65 80 50 66 35 70 98 80 47  9  7 67 22 95 11 56 25 64 57
 23 75 12 51 45 23 52 77 76 48 52 53 53 18  3 18 56 98 71 25
 64 20 89 27  5 47 92 23 78 64 77 12 49 40  3 60 54 37 15 16
Machines
  3  7  1 19 10 13  6 11 20 17 16  8  4 14  9  2 18 15  5 12
  4  1 14 13  3 19  5 12  2 17 18 11 20  6  9 16  7 10 15  8
 18  8 16  3 20  1  7  2 19 14  6 12 15  4 17  5 11 13 10  9
  4  6 12 16  8 13  9 18 19  7 17 15 10  1  2 20  5  3 14 11
 20 18 12 15  1  7  4  2 16 11  8 14 19  3 10  9  6 17 13  5
 12 17  2 15 10  8  1  7 18  6  5  9 20  3 13 19 14 11 16  4
 19 13  4 20  3 16  2  5  9 10 17 18 15 11  8  6  1 12 14  7
  7 20  2  1 17  8 18 11 13 16 15 12  9  5 19 14  3 10  4  6
 14 13 20 18 15 16 12  2  8  3 17 11  9  5  7  4  6 10  1 19
  8 19  7 14  3 17  1  4  5 16  6 12 10  2 11 20 18 13 15  9
  4  9 20  5  8  2  1 15 17 13 14 12 16 11  6  7  3 10 19 18
  5 19  4 13 15 14  2 17 11 10 12 16  3 20  9  8  6  1 18  7
 18  4  8  6 17 12  7 20 10  1 13 16 11 14  9 15  2  5  3 19
  1 14  9 15  3 12  2 17 18  8 13 10 16  6 20  5 19  7  4 11
 16 12  4  2 10 14 20  9 13  8  6 15  3 18  7 19 17 11  1  5
  8 15  4  7 19 13 20 10  1  2 12 17 16  6  3  5 18 11  9 14
 10 16  9 14  8 18  5  3 19 15 12 13  1  6  7  4 17  2 20 11
 15  4 19  8 18  6 16  1 10 20 11  5  9 12 14  7 13  2 17  3
 13  7 12 18  4 19  5 15 10  2  3 17 14  1 11  6 16  8 20  9
 12  6 20  1 14  4  8 17 11  7 10 16  3  5 18 15  2 13  9 19
  1 10 16  4  8  2  5 20 14  6 18 15 12  7  3 19 11 13  9 17
  3 16  5 18  6 11 17 19 15  4  2  1 20 13  7 12 10 14  8  9
 20 16 17  7 12  4 13 19  5 18 15 10  9  1  2  8  6  3 14 11
  7 19  5  6 18 17  4  8 10  2 20 13 15  9 11 14 16 12  3  1
  9  6  4 13  7  8 14 20  1 11 15 12 17 18 16  3 10  5 19  2
 18 13 12 20 10  6  3  7  4 17 15  2 19 11 14 16  5  8  1  9
 11 17  2 13 16  7 10  1 12  8 19 20  9  5  6 18 15 14  3  4
 18 14  6 12 16 17 11 13  2 15  4 10 20  9  1  7  3  5 19  8
 17 14 19  8  4  3  9 18 20  6  7 10  1  5 13  2 16 12 11 15
  8  7 13 10 17  1  6 19 14  3  4 11 12 16  2  5  9 18 15 20
 14 11 10 17  7  1 19 20  3  4 15  6  5 16 12 13  9 18  8  2
 12 18 16  2  5  7 14  4 13  3  8 15  6  9 17 20 11 10  1 19
  9 11  1  8 18  3 17  6  4 10 19 12 14 20 16 13  2  5 15  7
 20 18 17  4  9  7 10 11  1  6 19  5 16  8 15 13 14 12  3  2
 20 15 11 16 13  1  9 18  7 10 17 12  5  8  6 14  4  3 19  2
 11  7  4  5  1 12 13  2  9  8  3 18 17  6 16 19 20 15 10 14
 16 12  7 13 10 19  8  6  2  1 18 20 11  9  5  4 17  3 14 15
  3 12 14 11 13  4  6  2 17 15  9 19 16  7 10  5 18  1 20  8
 10 18  9 15 12  1  8  7  2 20 11 13  6 16  4  5 17 19  3 14
 12 18  5 19 13 20 10 17  7  9  2  1 16  6  8  4 14 15  3 11
 12  7 11  6  8  3 20 10  1  9 15  4 17 14 16 13 19  2 18  5
  5  6 15 13 12  9 16  8  3 17  7 20 18 19 10  1 11  2 14  4
 18  7  6  9 16 20 13 15  8 12  4 19  3 11  5 17 14 10  2  1
 10  7 16  6 15 11 20  3  4 17  1 18 13 14  8 19  2  9  5 12
  6  3 13  9 14 12  2  4  1 16 19 17  8 10  7 18 15 20 11  5
 17 15 13  8  3  6  4 14  5 11 12 18 16  7 10  1 20  9 19  2
  2 15 20 13  8  9 18 11  1  4  7  3 12 14  6 16 17 19  5 10
 11 10  4 13  3  9 20  1 16 18  6 17  5  7 12 14  2 15  8 19
 16  4  5 11  2 17 19  6 15  9 14  7 12 18 20 13  8  1 10  3
 13  7  9 12 18  2  5 16 14  6  3 15 19 17  8 10 11  1 20  4
Nb of jobs, Nb of Machines, Time seed, Machine seed, Upper bound, Lower bound
        50        20  236150141  592292984      2995      2995
Times
 20 22 38 33 24 72 75 61  2 17 67 50 65 77 65 35 68 76 98 81
 73 86 26 42 50 13 92 15 77 74 48 54 46 60 83 78  1 91 33 60
 67 63 54 65 29 51 74 16 11 97 87 66  4 10 52 85 60 64 40 49
 31 73  2  4 87 81 90 92 27 51  4 42 21 77 71  5 77 81 39 32
 18 13 89 45 59 90 86 71  5 54 42 60 32 16 86 70  7 16 81  4
 59 55  3 43 26 19 57 75 35 40 17  3 96 82 26 23 97 23 65 28
 83 81 19 54 86 94 49 38 38 33 93 63 51 45 68  4 29 53 85 21
 46  8  5 29 32 34  3 10 45 70 77  1 62 79 50  2 18 89 86 21
 17 47  7 20  9 92 23 76 71 20 21 72 71 92 92 17  9 38 23 34
  6 74 29 99 80 27 43 36 31 63 34 26 98 47 69  5 55 22 15 19
 77 12 96 84 22 16 59 94 69 68 81 13 45 61 27 26 12 86 82 85
 27 81  2 29 61  2 40 78 65 68 39 68 39 63 59 79 96 11 76 48
 95 62 10 68 42 61 73 51 81 75 37 96 65 45 44 43 19 44 94 56
 23 70 24  4 86 90 86 83 75 46 92 94 23 29  6  3 33 12 51 15
  7 55 26 30 79 58 86 70 68 98 26 32 98 35 37 13 85 85 14 34
 21 68  1 76 44  4 48 39 73 81 50 97 41 79 10 73 36 28 64 31
 76 55 41 46 80 99 99 59 14 86 69 24 54 34 32 98 74 67 24 56
 14 32 77 81 35 38 38 38 61 87 70 79 25 46 88 18 76 98 75 23
 61 92  6 58 26 26 36 89  9 35 54  5 72 91  4 61 75 42 85 45
 46 89 49 86 14 62 53 59 27 86 10 87 99  4 84 62 74 30 68 86
  1  3 84 78 42 73 98 91 70 53 57 36 76  4 76 22 70 67  6 16
 80 91 24 36 44 81 78 65  2 91 62 41 40 96 64  5 81 71 31 71
  3 68 55 13 83 13 12 98 86 10 70 59 89 74 83 30 56 99 68 67
 35 74 59 17 56 64 67 77 84 10 35 79 12 91 36 84  1 41 98 81
 32 10 39 58 24 56 83 77 78 99 95 67 81 15  5 35 10 24 97 44
 55 41 99 27 94 12 33  3 71  5 88 25 66 80 39 90 79 56 60  5
 69 41 25 82 32 70 38 22 95 98  6 64 52 46 71 41 40 35 22 33
 14 38 32 38 64 67 13 74 74 67 39 53 55 15 93 37  7 53 54 39
 84 77  6 45 91 77 12 96 24 90 54 52 49 97 80 84 44 37 79  5
 69 28 32 68 59 23 86 54 41 80 57 45 19 38 89 21  5 64 65 16
 57 47  1 79  9 66 84 21 35 97 83 45 18 21 19 37 93 83 46 54
 46 12 44 75 32 15 49  4 29 76 65 39 73 54 63 78 18 91  3 93
 98  7 47 56 37  3 17 94  9 19 91 58  8 32 60  5 64  3 56 98
 93 63 40 88 20 11 16 55 61 81 17 16 45 46 85 89  1 22 59 55
 76 86 83 26  4 61 72 81 44 48 17 72 14 46 46 80 74 11 57  2
 13 49 76 41  3 13 95 98 29 48 60 67 28 64 36 47 78 83 32 88
 58 74 41 75 45 19 51 39 94 41 62 75 36  5 80 47 36 23  6  3
 92 64  1 65  2 87 45 73 30 67 68 33 35 65 50 93 36 18 39 54
 40 11  8 29 26 65 26 17 52 24 87 67 88 83 36 30 97 19 97 68
 64 61 59 65 93 80 83  5 50 42 49 69 86 14 84 41 31 67 88 20
 45 22  2 83 61 55 85 72 37 56 73 65 19 42 51 88  2  1  1 30
 74 28 87 91 68 27 42 99  7 23 27 16 86 61 28 62 87 72 93 67
 77 20 53 52 14 57  2 78 63 12 10  1 59  1 67 53 76 17 80 12
 74 86 78 55 75 37 36 49 50 93 52 77 83 29 84 60 92 61 31  3
 76 26 38 61 67 60 40  7 20  7 97 76 18 83 39 64 43 39 79 79
 61 73 91 42 70 73 34 81 19 64 54 96 89  3 55 94 93 24 10 99
 73 10  6 67 22 50  4 29 34 15 46 32 66 28 67 63 60 39 65 19
 94 77 36 97 38  8 71 83 43 86 33 94 30 33 89 37  1 35 94 32
 24 67 61 41 18  4 91 73 33 96 59 63 40  5 10 45 27 53 24 81
 31 99 14 64 89 43 93 32 32 26 22 33 89 41 40 87 26 98 53 98
Machines
 11  2  3  8 18  5  4 19  1 15  7 20 16 17 14 13  6 12 10  9
 12  4  8 19 13  6 14  7  5 15 11  3  2 17 20  1 16 10  9 18
 15 20  6 12 17 13  2  9  7  5  3 10 19 11 18  1 14  4  8 16
 11 17 16  3 15  2 12  8  6 19 13  1  5  9 18  7 10  4 20 14
 20  9  5 15 13 14  3 10  4  1  2 11 18  7 19 12 17  8  6 16
  1 10 12 19  4 16  3 18 11  9 14 13 15  5  6  2  7 17  8 20
  1  9 13  6 12 17  8  3 16  4 11 19  7 14 15 20 18  2  5 10
 11 16 20 18  7  2 15  1 17  8  5 19 14  4  3 13 12 10  9  6
 12  7  8  2 18 10 13 19  1  9  5 16 15  6  4 11 20 17  3 14
 14 19  9 15 12 17 11 16  1 10  2  5 20  8  4  3  6 13 18  7
 19  9 15  3  6  2  7 14  1 18 16  4 17 12 11 20  8  5 10 13
  7 19 17 13  1 18  2 12 16  8  5  3 11  9 20 14 15  6 10  4
 20 14 19 12  7  4  6 15 17  5  8 16 11 18 13  9  2 10  1  3
  2 16 18 15 11 14  5 10  1 19 12 13 17 20  9  3  8  6  7  4
  6 16  4 15  1  5 13  2 10  7  9 12 11 18  3 20  8 14 19 17
 14 20 19 13 12 15 18  2  3  7  1 16  8 11  4 10  6  9  5 17
 17  6 15  8 18  1  4  2  7  3 13  9 10 12 14 20 11  5 19 16
 16  2 12 18 20  1  9 19  3  7 15 17 10  6  8  4 13  5 11 14
  6  2 18  4 19 11 13 20  8 16  1  3  7 12 10 15  9 14  5 17
 13 20  7 14 12  6 15  9  8  3 19  1  5 18  2 16 11 10 17  4
 13 14 12  1 11 16  9  8  4 10  6 15 19  2  7 20 18  5 17  3
 13 19 14  7  3 15  8 11  4 18 20 16  9 12  2  1 10  5 17  6
 10 15  6 18  8 11 17  2  9  7 12 13  3  1  5 20  4 16 19 14
  7 20 15 14 12  9  6  5 13  3 10  1 11 17 19 18  8  2  4 16
  5  3 12 13 15  9 18  1 10 19 20  4  6 14 17  7  2 11 16  8
  9 10 18  3 20 15 14  5  1 12 16  7  6  4  2 17  8 13 19 11
 17 13  3  1  2  4 14  5 15 10  6 12 16  9 20 18 19  7 11  8
 20 15  3 17 18  6  9 13  7  4 14 11  8 12 10  2  1 16  5 19
 18 19  8  2  4 10  7 17 15 13 12  1  6  3  5  9 14 16 20 11
  5 10 14  7  6  9  3 17  8  1 13 12 19 18 20  2  4 15 11 16
  5  7 10 12  9 11 14  8  6  3  1  4 15 13 20  2 17 18 19 16
  7  1  5 13 20 12  3 17  2 18  9 16 19 15 10  8  6 11  4 14
 10 15  3 19 16  9 18  1  6 17 12  5 11 14  4  7  8 13 20  2
  3 10  8  7 15 18 12 13 19  9  2 11  5 17 14 16 20  6  1  4
  8 19  1 11 18  3 13  5  4 20  9 14  2 12 15  7 10 17 16  6
  2 17 18  9 10 12  4  3  7  8 19  6 20 16  5 13 15 11  1 14
  4 11 15 20 13 12  1  5  9 14  8 10 16  2 17  6 18  7  3 19
 16  2  9  6 18  3 12 19 17 20 13  7  4 15 11 10  5 14  8  1
  6  3 14 15 16 11 17  9 20 18  2  1  8  5  7 13 12 10 19  4
 16  1  8 17 10 20  6 13  3  2 18 14 19  7  4 11  9 12  5 15
 16  7  4  3  9 19  6 20 12 10  1 14 17  2 18 11 15 13  5  8
 11 13 20 19  9  3  2  1  7  5  6 17 16 15 14 10  8 18  4 12
 12 17 18  2  1 10  5  4  7 11 19 15  8  6  9 13 16  3 14 20
  5 14 18  7  9 20 13  1  6 17  2 11  8 10 19  3  4 16 15 12
  7 19 11 20  3  1 16 12  5 13  9  2  8 15 18 10  6  4 17 14
  8 20  1  2  4 14 18  3  9 15  5 17 13  6 10 11 12  7 19 16
  3 19 20  1 15 12 14  5  8  6 16 13 18 11 10  4  2  9 17  7
  3 13 18 19 17  6  7  9 16 10 20 14 11  8  5  4 12 15  1  2
 11  8 17  6 13  1 15  4  2 12 14 19 16 18 10  5 20  9  3  7
 15  9 13 12 20 18  4 11  3 10  1 14 17 19  6  8  7  2 16  5
