Nb of jobs, Nb of Machines, Time seed, Machine seed, Upper bound, Lower bound
        50        15      17271     718939      2760      2760
Times
 14 79  6 35 42 64 51 67 13  9 46 84 60 10 34
 45 42 95 97 43 40 25 22 57 15 59 33 83 72 27
 15 92 82 76 87 93 30 96 21 76 61 62  7 21 38
 36 96 77 97 26 13 90 60 91 86 74 64 42 93  1
 27 61 87  2 30 47 58  5 83 72 71 52 48 54 27
 44 66  1 12 21 24 19  6 31 50 84 34 59 64 53
 51 48 39 75 13 94  5 73 38 28 77 40 45 89 89
  5 35 87 48 25  4 76 22 92 77 86 35 43 75 61
 49 41 80 26 18 30 43 50 26 23 22 70 44 53 41
 41  3  5 30 93 76 86 20 72 66 81 37 37 48 14
 27  8 68  1 76 11 45 80 24 87 48 45 84 34  7
 80  4 84  5 52 75  4 93 33 34 77 55 47 83 61
 63 67 28 94 58 55 24 98 91 91 17 37 40 11 18
 43  7  3 67 35 39 81 99 70 28 78 88 80 41 68
 47 17 90 47  6 86 24 57 18 74 64  6  5 96 52
 54 49 67 51 19 66 51 53  4 95 28 45 27  2 68
 46 50 74 65 64 15 74 90 17 98 28 18 56 80 52
 51 36 98  8 80 77 61 95 69 13 34 44 17  1 37
 75  6 16 61 45 57 25 14 31 12  2 44 98 47  7
 49 71 34  5 90 51 18 66 56 49 38 44 21 74 47
 81  4 29 96 78 80 65 61 84 26 36 67 60 16 67
 33 53 51  6 95 91 11 21 76 32 56 77 41 82 18
 47 18 80 82 21 24 67 68 81 49 39 29 20 79 38
 82 70 56 66 16 62 27  6  1 88 45 27  8 87 41
 78 21 87 88 33 15 68 37 33 30 48 29 16 41 30
 73 86 19 99 78 76  8 45 96 43 47  8 25 57 91
  6 89 51 53 86 64 56 81  6 53 62 52 51 66 22
 87 96 25 66 92 44 68 50 23 45 72 93  9 13 87
 95 16 64 72 32  4 51 52 35 77 39 72 65 46 67
 62 30 99 67 77  9 56 74 86 63 81 82 71 62 56
  6 98 48  3 45 85 31 43 14 70 16 87 25 62 86
 92 98 91 30 35 29 80 99 25 53 49 97 34 98 13
 34 66 83 78 10 95 64 43 65 37 73 33 45  5 18
 11 21 42 70 43 48 58 54  9 17 73 42 18 76 29
 92 89 28  8 13 92 13 45 47 36 44 67 25 77 43
 88 36 13 65  9 45 89 79 99 94 37 76 99 38 79
 32 65 86 44  2 55 66 50 31 66 88 10 46 56 36
 55 78 55 62 65 97  9 47 56 92 21 66 40 20 97
 81 43 72 71  5 56 84 53 98 76 15 84 48 65 19
 99 23 14  3 25 95 53 22 31  3 86 40 66 80 19
  8 37 90 98 17 88 35 52  1 99 36 29 77 18 55
 76 33 37 81 71 57 88 29 41  7 43  7 32 15 16
 22 38 21 25  9 50 51 83 73 85 53 21 12 10 34
 89 84 94 82 42 26 16 40 55 15 31 73 95 39 11
 52 71 75 11 77 75 68 55 90 21 62 23 95  8 66
 91 45 44 23 47 60 36 81 24 60 62 13 88 38 46
 90 87 49 77 32 28 80 61 75 23  5 43 31 80 68
 92 67 78 39 74 47 56 81 51 85 12 25 64 70 49
 73 73 59 47 36 81 58 38 33 19 15 97 25 67 89
  9 58 64 46  2 24 68  4 55 95 98 57 63 31 31
Machines
 10 11  4  9  6  8  5  1 13  2 14  7 12  3 15
  2  8  9  3 10 15 13  5  4 12 14  1  6 11  7
  3 14 12  5 15  9 11  4  7  6  8  2 10 13  1
 11 13  8  2  6 15  5 10  3  4  9  1 12 14  7
  6  4  8  1 10  7 12 11 13  5 15  3  2  9 14
  4  1  7  3  5  2  6 15 11 14 12 10  8  9 13
 14 11 10  9  2  7 15  1 13 12  8  3  4  6  5
 15 12 11 14 13  7  5  1  8  6  3  2  4  9 10
  8  3  9 11  2 15  6  5  1 13  4 10  7 14 12
 13  6  5  8  4  2 12  9 15  7 10  3 11  1 14
 10 12  9  6  5  7  3 13 15  2 11  8  1  4 14
  4 10  8  6  5 11  3  9 15 12 13  7 14  1  2
  9  5 13  4  3 10 11  7  1 14 15  2  6  8 12
 15  4  9 12  6  8 13 11  3  1 14  7  2 10  5
  2  5 15  4 11  7  6  3 12  1  9  8 10 14 13
  5  9 12  3 14  1  8 13  7  4 10  2  6 11 15
 11 13  2  5  9  8 15 10  3  1 14  7 12  6  4
 14 12 10 13  1  2 11  5  7 15  8  9  4  3  6
 11  3 15  2  8 14  5 10  6  4  9  1 12  7 13
  1 12  3 11  7  4  5  6 13  9  8 15 10  2 14
  2  5  9  3  4  8 13 14 10 15  1  6 12  7 11
  8 13 10  6  2  3 15 11  7  5  9  4  1 14 12
  3  1 11  8  4 15 12  2  6 13  9  7  5 10 14
 10  5 15  2  4  3  9  1  7 11  8  6 12 13 14
  1  9  3 11 14  4 13  2  8  5 10  6  7 15 12
 14 15  8  7 12 13  1  2 11  9  5  4 10  6  3
  8 12  1  7  3  9 15  6  5 13 14  2 10  4 11
 10  8  7  6 11  2 15 12 13  1  5  4  9  3 14
  3  4  9  2 13 14  8 12  6  1 10 11  5 15  7
  9  5 13 12  4  8  1 11  7  2 15  3  6 10 14
  9  2  5  7  8 15  4 11  6 13  1 14 12 10  3
  8 14  1  9 10  2 11 13  6  4  5 12  3  7 15
 11  9 15  3 13  1  4  6  2 10 12  8 14  5  7
  2  3  6 10  8  5  1  4 15 13 14 11  7 12  9
 12  3  5 15  7  6  8 13 10  4  9  1 11 14  2
 15  9  6  8 11 14  2  1 10  5  4  3  7 13 12
 14  8 13 12  9  4 10  3  2  6 15  7  1 11  5
  1 15  6  3  5 11 10  7  4 12 13  9 14  8  2
 10  8  1  7  5  9  2  4 13 11  6 14 12 15  3
 15 11  7  6  1  5  9 13 10  3  8  2 12  4 14
  4 12  5 15  6  9  7  3 10 11  8 14  2  1 13
  4  1 11  3 13  8  5  9  7 15 12 10  2 14  6
 15  3  7  6  2  4 12 14  9 13 10  5 11  1  8
 11  7 15 12  8 14  2 10  9  1  5 13  3  4  6
  6  3 13  8 10 12  1  2  4 11  7  9  5 15 14
 10 12  2  8  1 15  9  6 11  7  3 14  4  5 13
  8 11 10  4 14  5 13  6  9 15  2  7  3  1 12
  5 12 14 15  6  8  3 10 13  2  1 11  4  9  7
 12 11  9  4  7 10 13  8  5  2  1  3  6 14 15
 10  7  5  3 15  4  9 12 11 14  6  8  2  1 13
Nb of jobs, Nb of Machines, Time seed, Machine seed, Upper bound, Lower bound
        50        15  660481279  449650254      2756      2756
Times
 17 55 62 74 38 44 29 47 94 38 64 75 60 78 10
 18 59 87 40 53 38 44 38  7  9 96 67 58 28 64
 42 11 93 72 58 49 46 21 93 51 13 72 78 43 55
 93 47 82 64 38 24 17  7 49  4 69 39 25 85 52
 48 80 48  3  7 69 53 46  1 52 37 25 84 85 14
 49 42 62 86 14 25 62 63 86  7 83 84 54 23 16
 56 79 97 34  3 83 39 44 43 98 99  2 47 97  8
 61 84 96 64 58 64 14 40 94 13 24 64 63 58 74
 93  4 28 43 92 55 87 19 23 23 99 89 42 71 96
 56 31 72 88  6 50 66 93 26 17 62  4 13 46 35
  7 81 97 52 93 28 74 17 48 45 51 65 74  2 10
 85 85 93 35 51  6 91 99  9 38  3 15 39 55 35
 14 28 49 53 94  7 14 29 30 47 50 54 25 90 84
 16 43 82  2 86 70 49 26 63 34 86  1 26  8 11
 90 19 54 27 38 57 68 70 76 30 55 98  9 57 81
 24 95 91 57 71 71 84 49 94 74 18 22 33 73 81
 86  5 94  1 68 50 53 14 82 80 42  1 72 48 64
 19 45 50 14  3 82  4 55 94 76 64 69 32 20 48
 53 33 90 13 73 48 52 57 71 13 55 95 49 32  8
 72  1  8 63  7  5 30 71 74 79 36 71 31 79 43
 93 96 93 88  4 12 34 11 17 20 74 70 13 52 83
 87 39 84 69 65 19 82 48 87 87  1 58 90 22 81
 57 17 58 27 48 38 77 92 11 21 70 69 47 91 70
 92 17  6 58 47 90 33 25 22 97 40 63 95 17 20
 87 80  3 97 53 38 28 31 47  4 46 11 70 54 44
 82 50 60 15 66 55 25 44 94 73 78 96 22 18  4
 91 10 87 65 12 73 17  6 85 29 54 72 43 48 29
 48 41 44 99 14  9 21 70 87 66 37 82 29 56 10
 28 64 87 51 52 85 85 59 44 80 51 11 63 68 85
 32 38 90 18  9 33 43 59 52 91 57 38 15 18 79
 14 31 96 95 83 68  7 91 49 32 93 88 11  2  2
 22 39 25 25 84 49 68 18 20  7 93 93 64 56 61
 96 13 58 20  5 26 26  6 20  4 60 37  2 45 52
 49 36 25 28 46 23 35  8 67 45 46 13  4 16  6
 12 84 62 79 98 44 25 25 29 17 12 39 58 25 57
  3 43  4 87 64 36 80 22 20 59 26 45 39 99 72
 39 48 55 75 64 22 43 91  7 66 22 43 59 38 80
 50 75 50 68 33 99 32 46 10 81 93 29 13 98 13
 60 14 54 11 98  4 56 17 18 28 85 57 82 99  4
 79 91 23 21 91 52 48  1 23 88  6 73 12  1  3
 36 40 39 14 80 24 49 27 89  4 68 77 98 14 74
 61 48 56  8 76 25 43 67 10 92 67 33 51 45 98
 45 38 79 35 24  1 51 88 94 91 48  2 49  8 86
 44  6 31 49 11 44 98 81 42 98 77  9 55 29  9
 47 87 50 40 85 86 18 48 91 94 98 86 56 75 46
 44 53 99 95 32 33 68 22 49 96  8 87 78  6 62
 86 97 16 33 47 93 11 82  7 18 29 17 56 80 82
 17  9 17 65 88 37 53 40 35 24 71 52 30 81  2
 65 90 38 97 96 14 85 73 95 87 10 18 17  4 58
 69 64 77  3 75 99 74 56 29 96 83 64 19 18 38
Machines
  2 13  3  7 11  1 12 10  5  8  6 14 15  4  9
  8  2  1 12  5 10 11  3  6  7 14 13  9  4 15
 10  4  6 11  9  7 13  5  8  1 14 15 12  3  2
 11  8  4 13  9  1  6  7 12  2 15 10  3  5 14
 12  1 10  4  8 14  9  7  6  2  3 13 15 11  5
  3  5 15  8  2  9  1  7  6 11 14  4 10 13 12
  5  4  8 11 10  9  3 14 15 12  2  7  6  1 13
 14 15  3 13  6  9 11  5  1  4  8 12  2 10  7
 15  7  2  4  1  8  5 10 11  9 13  3 12 14  6
  5  4  8  7  1  9 11  2 12 13 14 10  6 15  3
  2  4 15  9  3  6 10  7 13  1  8 11 12  5 14
 13  3  5  7 12 10  4  8  9  6 11 15  2 14  1
  7 15  3 12  1  4 13  6  2  9 14 10  8 11  5
  6 12  5  1 10 11 15 13  4  8  2  9  3 14  7
  9  4 15 13 10 11  5  6 14  8  3 12  2  7  1
 12  5 14  1 15  6 10 11 13  7  4  3  9  2  8
 15  1  6  5 11  2  9 10 13 12  4 14  8  7  3
 15 14  2 10  9 13  7 11  1 12  8  5  4  3  6
 11  1 13  5  8  2  7  6  4  3 10  9 12 14 15
  3  9 11  1 12 15  7  2  5  8 14 13  6  4 10
  4 15 12  8  1 10 13 14  5  9  2 11  6  7  3
 10  9  8  2  1  4  7 15  3  5  6 11 14 12 13
 11 15  7 10 14  6  8  1 13 12  9  3  4  2  5
 13  3  1  6 14 10  7 15  2  9  4  8  5 11 12
  5  2 15  8  7  3 11  1 12  6 14  4  9 13 10
  1 15 12  5  7  2 11  9  4 14 10 13  8  3  6
  5  4  1 11  7 10  6 15  8  2 13  3 12 14  9
  8 10  3  5 15 11  9  2  4 14 12  1  6 13  7
  7 11 12 15 10  1  2  3  8  9  6  4 13  5 14
  9 13 15  8 12  1 11 14  3  7  4 10  6  5  2
 10  6 13  8 15  2  1  7  4  5  3  9 14 11 12
  5  6 11  2  1  3  9 10 15 13  7 14 12  4  8
 10  8  1 11 14 15  9 13  2  3  5  7 12  4  6
  2  9  1 13  6 12  3  5  8 15 10  7 11  4 14
 15  9  6 10  7  1 14  4  3 13  8  5  2 12 11
  6 13  9 15  1  2 11  4 10  5  8  3 14  7 12
  5  1 12 15  6  2  7  8 10 13  9  4 11  3 14
  8  3 11 15  7  4  9  1  2 14  5 13  6 12 10
  9  7  6  3  8  4  1 14 15 10  2 11 13 12  5
  3 12 15  1  7  8 14  6 13  9 11  2  5 10  4
 10 13  8  9 12 15  6 11 14  2  3  1  5  7  4
 13 11  1 14  5  9  4  2  8 10  7 15 12  3  6
 15  8  9  5  7 14  6 10  4  1  2  3 13 11 12
 15  7  4 12  2  3 11  6  9 10 13  8  5 14  1
 13  4  1 12  5  3  8  2  7 11  9  6 14 15 10
  3  8  1  5  6 11 14  2 12  4 10 13  9 15  7
  7  4  1  9 11 10  5  8  3 14 15 12  2 13  6
  9  3  6 11  7  8  1 12  2 10  5 15  4 14 13
  6 12  4 13  8  7  3  1 14 10 15  2  5 11  9
  4 12  6  7  2  3 11  9 14 15 13 10  5  1  8
Nb of jobs, Nb of Machines, Time seed, Machine seed, Upper bound, Lower bound
        50        15  352229765  949737911      2717      2717
Times
 68 21  7 19 83 74 12 69 39  9 63 67 58 37 15
 62 83 32 56 61 67  9 50 88 99 50 86 42 70 30
 20 40 28 51 23 34 10 71 41 14 62 41 14 72 48
 47 32 99 51 85 49 32 89 75 24  8 49 86 97 86
 12 65  3 89 26 67 24 24  4 43 33 52 40 84 99
 77  1 81 61 51 14 78 69 95 18 15 66 74 84  1
 23 58 33 52 26 12 97 78 51 82  5 74 12 25 40
 68 66 14 95 19 97 58 54 74  5 83 92  8 96 80
 89 76 74 77 59 39 36 39 45 34 48 72 70 75 42
 38 43  9 29 82  4 42 71 92 27 44 77 55 92 90
  7 57 20 39 61 10 93 34 85 62 29  4 51 62 47
 65 57 76 89  9 61 64  2 85 84 27 70  5 59 69
 36 33 79  8 85 76 92  5 23 70 24  1 39  1 71
 44 48 59 56 77 12 87 41 89 24 24 58 56 17 33
 52 20 57 96 12 40 60  7 34 91 21 44 79 54 35
 12 24 15 66 62  4 37 33 77 67 76 41 77 51 81
 63 60 49 76 75 65 26 74 11 44 67 94 90 62 86
 31  6 62 81 72 20 18 78  3 98 94 22  4 65 72
 21 44 87 31 91 31 81 10 31 24 38 90 18  2  1
 31 76 62  1 66 36 36 55 22 86 74  8 59 37 37
  4 71 39 16 33 26 45 87 42 11 18 11 17 76 51
 34 38 74 54 60 91 81 92 45 51 20 71 14 13 58
 66 13 21 92  3  3 78 47 46 52 87 87 62 70 90
 85 17 86 96 55 74 18 81 56  3 31 15 92 47  3
 93 33 74 90 52 37 42 28 83 82 72 13  9 52 21
 11 61 47 11 41  7 31 51  2 81 45 27 52 88 61
 98 52 41  5 20 97 48 23 34 28 75 21 60 86 34
 55 99 49 44 28 37 12 69 86 74 45 95 97 78  1
 93 42 25 34 59 10 44 38 80 29 68 71 27 24 46
 29 16 78 32 30 72 91 77  5 90 24  6 70 54 52
 38 68 52 79  5 47 42  4 66 47 71 79 17 64 53
 51 90 62 97 77 30 17 13 65 60 90 13 78 82 77
 22 38 94 10 64 22 91 70 22 54 82 49 30 62 66
 88 79  9 18 54 20 59 24 52 70 16 32 60 79 92
 44  7 78 85 13  3 58 62 59 79 31 44 12 79  6
 72 70 97 25  8 99 65  2 92  3 61 95 42 82 60
 15 85  2  4 69 42 73 73 28 16 37 59 46 64 41
 55 88 69 56 48 17  2 66 70 57 67 38 45 14 94
 59 99 97 14  3 26  6 47 35 71 49 91 38 74 42
 41 40 98 50 54 14 64 54 84 26 56 69 96  6 42
 88 43 40 48 46 70  8 36 16 85 82 50 74 28 87
  6 48 70 98 19 24 37 38 85 99 20 76 94 90 14
 56 14 61 34 25 70 50 15  6 77 37  8 63 37 25
 95 34 65 88 43 42 30 62 86 52 61 16 48 62 53
 44 92  4 59  3 34  8 78 22 98  9 63 84 54 53
 91 14 88 54 29 66 48 58 42 26  8  7 99 23 74
 67 77 32 97 71 47 67 98 43 62 84 44  2 60 46
 27 72 62  7 76  3 30 37  9 13 72 99 16 17 40
 52 97 25 92 54 55 51 92 40 52 62 42  1 56  9
 64 83 31 47 19 62 11 44 55 60 84 64 83  7 10
Machines
 15  3  6  2  4  8 11  5 12  9  1 10  7 14 13
  2  1  6  3  5  8  4 11 14 15 13 12  7  9 10
 14 15  2  5  9  8  1  7 10  3 11 13  6  4 12
 10 11  4  5 13  7  2 15  1  8 14 12  6  3  9
  2  3  1  4  9 14  5  8 15 13 12 11 10  6  7
  9 10  3  2  8  4 15 11 12  6 13  1  5 14  7
 11 15  8 12  5  4  3 14  6  9 10  1  2  7 13
 13 15 11  3  2 10  7 12 14  1  6  8  4  5  9
  4 13 12  9  8  1 14  3  5 10  2 11  7 15  6
 11  5  7 14  9  1 15  3 10  4  2 13  8 12  6
 14  5  8  6  9  4  7  3 10 12  1 13  2 11 15
  5  3  7  6  2 14  4  1 15  9 11 10 13  8 12
  1 14  5 12  6 13 11  4 10  7  3 15  8  9  2
  1 14  4  2  9  7 13  3 15  6 12  5 10 11  8
 12  1  4  9 10  6  2  5  8 14  7  3 15 13 11
 12 10  4 11  6  8  3 13  1  9 14  5  7  2 15
  6  1  8  7  3 13 14 12 10  4  2  9 11  5 15
  6  8 13  7  9  1  2 15  3  5 14 10 11 12  4
  5  9  3 12 10  4  6  8 14 11 13  2  7 15  1
 11 13  4  6  2 12  7  9 15  5  8  3 10  1 14
 12 14  2  7  5 11 10  8  6 13  4  3  1  9 15
  8 10 15  1  6  4 14 13  2  7  3  5  9 11 12
 13  1 15  2  8 10  9  3  5  6  7 11 14  4 12
  9 10 12  6 11 13 14  8  2  1  3  5  4  7 15
  7 15 13  2  1  8 12 11  9 14  3  6  4 10  5
 10  6 14 13  9  2  4  3 15  1 12 11  7  8  5
  1  7  4 11  6  5 10 13  2 15  8  3 12 14  9
  6 10 13 15 11  3  8  1  7  5  2 14 12  4  9
  5  1  6 12 11 13 10  8 14  4  9  3 15  2  7
 14 13  4 11  3  5  8  6 15  1  9 12  2  7 10
 12 15  6  8 13  7 11 14 10  3  9  2  4  1  5
  2  7  6  1 12 13  3 10  5 11  8 15 14  9  4
  6 10  7 15  5  1  4 12  2 14  3  8  9 13 11
  7  4 14  3  5 15  1 13 11  6  2 10 12  8  9
 14 10 12  5  4  1  8  2  3 15  6  9  7 11 13
  9  4  6  7  3 13  5 11  8  2 14 15  1 12 10
  3  9  8  5  4  7 13  6 14 11 15 10  2  1 12
 11 15 14  7 12  1  2  4 13  9  8  3  5 10  6
  2  9 14 13 12  8  1  3  7  4  5 10  6 11 15
  8  3  1  9  6 12  7 10 13 11  2 14 15  5  4
  5  2 15  7 14 10  9 13  4  6  1 11 12  3  8
 14  6  7 10  1 11  5  9 13 12  2 15  8  4  3
  5  8  4  6  2 11  3 10  9 14  7 13 12 15  1
 10  2 11 13  9 14  1  4  3 12 15  5  6  7  8
  1  3 13 11 15  4  9 10  2  5  8  6 14  7 12
 11  8 15 14  5  2 13  1 12  7  3  6  4  9 10
 15  8  1 14 11 12  6  2  9  4  3  7  5 13 10
 10  8  9 14 11  3  4  7  5 13  1  6  2 12 15
 13  8  9 15 11  1 14  5  7 10 12  6  2  3  4
 14 15  7 10  1  4  9  6 12 13 11  3  8  2  5
Nb of jobs, Nb of Machines, Time seed, Machine seed, Upper bound, Lower bound
        50        15 1197518780  166840558      2839      2813
Times
 23 58 60 43 17 68 42 53 18 42 96 19 50 62 97
 29 62 56 33 72 80 64 80  4 40 88 78 95 30 21
 34 60 78 55 41  3 99 32 86 26 89  4 49 42 78
 87  3 27 69  8 28 40 73  2 71 50 95 14 65 63
 46 40 43 48 28 15 59 58 34 57 29 45 44 27 60
 67 31  8 21 18 46 64 27 37 95 75 19 38 91 24
 33 46 59 71 19 76 61 32 29 26 31 27 71 45 42
 65 27 62 74  2 73 40 36 98  6 49 69 50 58 52
 94 72 48 23 97 87 73 25  4 40 60 11 13 66 30
 69 54 14 61 12 75 25 41 96 23 26 68 92 75 13
 56 43 10 67 99 50 87  4 28 28  4 56 55 83 59
 46 74 12 96 75 16 90 88 12 81  8 28 90 20 40
 36 87 96 22 91 38 92 16 28 46 74 35 15 61 50
 70 52  5 48 58 51 32 59 89 71 59 11 79 31  6
 94 37 50 88 87 64  8 17 90 14 56 25 42 18  5
 66 61 72 25 32 46 39 92 33 54 58 28 78 61 79
 97 34 47 71 84 78 62 98 64 89 55 93 86 92 94
 72 40 56 31  9 13 62 62 55  2 29 67 92 31 51
 35 40 32 41 64 91  2  9 48 76 45 12 78  8 89
 53 93 79 95 19 29 86 64  4 65 80 41 91 38 54
 75 74 38 99 44 58 88 33  7 43 57 43  6 15 22
 85 45  3 15 50 26 92 62  5 77 96 59 48 12 43
 25 14 34 33 18 89 49 73 89 68 72 99 49 73 62
  9 39 62 78 10 99 54 54 28 22 90  8 52 50 10
 88 90 66 10 76 69 94 57 31  2 59 18  1 69 98
 83 25 37 24 48 55 66 34 37 80 20 77 26 72 31
 22 31 45 12 87 17 62 14 91  7 83 58 87 30 97
 36 68 10 16 69 78 46 31 70 93 96 33 45 81 78
 13 21 14 75 88 14 28 81 16 82 94 55 64 78 23
 92 12 46  2  5 55 76  4  5 44 40 96 62 36 25
 17 86 36 10 94 65  4 40  3 12 74 99  5 68 38
 52 44 72 24 92 88  7 93 12 63 71 88 75 18 38
 37 64 75 40 14 50 20 23 32 18 29 63 91 64 30
 69 15 39 23 51 64 54 29 91 16 95 15 20 24  6
 10 48 63 82 47 56  8 56 27 82 11 10 67 89 18
 49 11 50 25 35 76 76  1 35 69 19  4 26 47 11
 10 15 82 50 49 56 62 57 85 26 17 36 84  8 68
 25 19 67 28 88 68 29 63  8  5  5 47  6  2 97
 29 62 20 56 64 82 20 11 65 66 45 58 84 73 70
 52 66  9 83 22 77 60 28 31 12 87 85  8 88 74
 38 35 29 67 83 57 60  4 13 51 18 87 18 87 37
 60 21 98 77 66 81  8 54 62 41 36 73 50  1  3
 17 23 44 62 43 50 52 18 27 16 93 97 46 80 90
 94 40 46 18 39 55 52 18 46  5 26 39 49 94 93
 56 44 91 63 52 54 31 99 42  6  1 94 32 93 97
 35 27 54 67 72 97 79 13 17 56 63 98 15 18  3
 20 47 76 58 42 76 38  7  4 25 61  3 62  8 99
 71 94 24 74 77 90 69 46 63 81 33 70 40 91 22
 25 60 40 82  1 89  1 13 62 96 10 83 32 55 87
 31 67 58 47 37 52 89 16 36 80 80 87 24 40 94
Machines
 12 15 10  2  6 14  7  9 11  8  5 13  1  3  4
 13 12 11  5  7 15  3  1  6  4  2 14 10  9  8
  5  1 14 15  8 10 13 12 11  3  7  2  6  4  9
  5 13 15  4  9 10  1  7  2  8 12 14  3 11  6
 11  5  6 15 10 13  7 14  1  4  9  3 12  2  8
  9  1 13  2  8  5  6  4  3 15 11 10 14  7 12
 10  5 14  3 15 11 13  7  2 12  6  9  8  1  4
 10  5 13 12  7  8  1  3 11  4 15 14  2  9  6
  9 13  4  6  8 15  2 12 11  5  1 10  7 14  3
  9 12 10 14  4 13  6  8 11  3  2 15  7  5  1
  5 10  3 11 13  7  9  1 14  6 12 15  8  2  4
 11  7  6  5 13  4 10 14 15  9  3  8 12  2  1
  6 10  1 13  9 11 14 12  4  8 15  7  2  5  3
  5  6 13  3  7 15  1  8  2 12 14 11  9 10  4
 15 11  9  6  5 10  8 14  4  2  3  7 12 13  1
  9 13 12  8 11  3  4  7  5  2 10  6 14 15  1
  2  5  6  7 10 14  4  8  3 15 12  1 11 13  9
 13  9  4 11 10  2  8  7  3  5  1 14  6 15 12
  6 13  2  3  4  1  8 14  7 12  5  9 11 10 15
 13  2  9 12  3  8  7 11  5 14 15 10  6  4  1
  4 10  9  1 12  2 15 11  5 14  6  3 13  8  7
 12  2 10  5  4  9 13  1  7  8 15 11 14  3  6
  2  8  7  6 10 15  3  5  4  1 14 13 12  9 11
  3 15 10 14  8  9  7  6  5  1 13 12  4  2 11
 10  5 13  2  7 11  9  8  3 12 14 15  4  1  6
  5  2 10  1  9  3 15  4  6  7  8 14 12 13 11
  8  9  7  5 14  2  6 15  3 11 13  1  4 10 12
  6 13 11 10  2  5 14 12 15  3  8  1  4  9  7
  2 14  1  6  5  7  9 12 15 13 10 11  8  4  3
  4  7 11  6  8  9 10  1 15  2 13  3 12 14  5
  5  9  7 10  4  3  1  6 14  8  2 13 11 15 12
  5  1 13  7  2  4 15 12  8  3  6  9 11 14 10
  8 11  2 15  7 12  9  5 13  6  1 14  3 10  4
 13 14  2 11  8  3 10 15  5 12  6  4  7  1  9
  1  3 11  2 13  5  6 12 10  4  9  8  7 14 15
  1 11 14 13  7  2  9  3  4 15 10  5  8  6 12
 13  3 11  5 10  7  1  2  8 14 12  9  4 15  6
  4  2 13  6  7  3  9 15  1 12  8 11 14 10  5
 12  7 15  6  5  4  2  1  8 13  3 14  9 11 10
  4  3 11 10  2  6 14  9  8  5  7  1 12 13 15
  7  3 10  8 14  9  2 12 13  6 11  4 15  5  1
  3  5  8 15 12  9 10 14  1  2  6 13 11  4  7
 11 13  8 12  1 15  3  2  5  7 14  6  9  4 10
  1 10 12  2 15  5  4  8  3  6 13 11  9 14  7
 11  1 13 10  6  5  8  3  9 14  2  7 12 15  4
  3  9  7  6  8 12  4 15 11  2  1  5 10 14 13
  3  6  4 14  1 11 13 15  7  8  2  9 10  5 12
  3  6 15  2  8 14 13 11  4  7 10  9 12  5  1
 13  2  9  4 11  5  6 12  7 15  8 10  3 14  1
  6  3 15 11 12  4  7  2 10  9 13  8  1 14  5
Nb of jobs, Nb of Machines, Time seed, Machine seed, Upper bound, Lower bound
        50        15 1376020303  483922052      2679      2679
Times
 25 10 40 50 45 91  6 40 19 88 87 67 34  1 26
 53 83 52 92 92  8 75 56 40  7 20 84 64  7 23
 99 51 86 53 86 30 87  8 53 39 22 55 64 32 64
 68 19 13 10 64 50  4 28 69 68 37 78 41 51 34
 23 50 25 37 93 74 47 50 40 82 29 91 79 40 19
 77 19 44 79 79 33 12 12 15 32 64 26 90 49 67
 28 84 95 28 93 67 75  8 56 79 27 18 45 20 44
  2 60 12 35 45 40 24 90  1 21 75 79 91 32 41
 61 30 81 70 82 25  9 29 27 29 68 64 23 51 51
 87 94 91 14 15 38 86 16 44 63 62 87 77 31 19
 64 80 92 99  1 30 21 76 65 13 36  2 77 13 68
 28 53 64 24 51 82 99 21 68 41 14  9 91 57  5
 51 93 77 61 22 77 55 96 76 27 12 63 84 46 14
 51 35 64 79 15 82 58 72 60 99 47 44 19 99 86
 49 21 37 24 96 32 94 37 28 30 41 66 12 78 82
 27 63 35 52 71 62 20 16 64 80 57 34 74 13 80
 72 98 50 45 73 82  3 53  4 86 54 76 55 38 53
 22 30 17 53 50 86 18  1 35 93 90  5 88 11 65
 28  4 11 87 62 59 36 57 34  5 76 83 91 46 64
 67 20 95 52 37 88 66 87 77 38 56 78 55 28 55
  6 19 65  5 68 26 93 46 49 23 83 61 88 68 62
 52 25 33 14 29 61 17 82 19 37 77 41 47 45 51
 68 23 18 65 89 10 98 61 38 64 91 36 66 32 24
 86 90 44 60 22 83 94 14 80 46 20 13 39 67 17
  4 21 59 50 75 41 79 36 54 72 94 46 18 81 45
 77 97 61 61 93 97 86 15 73 28  1 80 89 52 30
 15 27 35 47 79 26 72 89 35 52 17 92  5 20 49
  3 93 56 82 58 65 82  5  5 92 30 35 17  4 78
 30 55 85 50 29 77 67 55 45  6 48 46  9 31 41
 23 67 33 27 78 64  5 16  6 44 43 49 12 17 85
 50 56 80 54  8 70 83 18 31  4 90 87  1  5 61
 22 15  4 40 69 98 44 77 23 14 96 90 90 78 71
 94 30 51 86 69 52 11 29 37 70 34 13 10 61 48
  7 74 14 65 19 17  4  5 27 93 91  9 69 35  5
 40 89 73 92 58 68 97 94 77 43 52  8 41 21 56
 71 43 11 65 11 15 46 78  3 27 33 87 97 59 37
 68 96 30 84  2 81 57  7 70 39 62 94 96 38 46
 96 34 71 88 10 99 48 57 31 93 33 84 28 32 72
 96 15 31 93 21 40 99 60 63 95 45 33 83 11 75
 47 71 37 59 72 64 61 52 20 13 11 26 28 91 27
 31 76  4 35 18 50 16 52 85 43 44 21 72 24 12
 71 30 58 71 87 74 33 26  3 75 87 14 33 52 38
 42 39  8 26 26  9  1 83 85 11 81 72 87 41 44
 73 59  4 25 68  3 72 69 50 62 22 77  1  4 94
 59 45 39 64 35 42 16 88  9 88 85 54 63 21 76
 66 23 28 12 22 65  9 27 25 75 85 19 41 20 25
 28 96 37 58 94 40 42 41 20 80 29 12 81  8 28
 83 17 26 78 95 45 16 53 12 50  6 87 44  5 63
 13 85 49 73 48 44 84 85  1 12  3 39 75 73 45
  3 15 40 77 43 91 51 17 71 33 83 61 68 14 97
Machines
  6  1  3 15 13  5  8 14  2 11 12  7 10  4  9
  8  3  2  9 13 10  4 12 14 15  1  7  5 11  6
  5  7  6 14  1  8 15 12 10 11 13  4  9  2  3
 10 14  4 12 15 13  7  2  1  5 11  6  3  8  9
 12  9  2 10  3  6  7 13  8 14  4 11  1 15  5
 10  4  5  8 12  3 14  6  9 13  7 11 15  1  2
  2  3  4  6 14 11  7  1  9  5 13 12  8 10 15
  2 15 11 13  5  9  8 14  7  3 10  4  6 12  1
  7 14  3  5 13 15  4  6 11 10 12  1  2  8  9
 12 14  1 11  7 10  2  3 15  4  6  9  8  5 13
 10 11  6 13  8  1 15  7  2  3 12  5  9 14  4
 13  6  2 14  3  9  7  5  8 11  1  4 15 12 10
  5  2  9 11  6 13  7 14  8  4 10  1 15  3 12
 14 13  3  6 12  8 10 15  7  1  9 11  2  4  5
 12  8 15  3 13  7  5  1 10 11  2 14  6  4  9
 15  6 10 12  4  1 13  2  5  7 11  9  8 14  3
  1 10  3  6 14  5  2 15  7  4 11 13  9  8 12
 12  7  1  6 11 13  3 15 14  2  8  9 10  4  5
  8 11  5  1 13 15 12 10  6  4  3 14  2  9  7
  5 10 13 11 15  4  8 12  3  1  9  2  7 14  6
  4 11 15  6  7  8  2  3  5 14 13 10  9 12  1
 11 13 14  3  2  1  6  7 12  9 10  4  8 15  5
  6  3  1 14  2  7  5 10  9 12 11  4 15  8 13
 12  5  7 11 13  9  3  8 10 15  2  1 14  4  6
 12 15 10 14  3  1  5  2  9 11 13  7  6  8  4
 15  1  9  2 12 13 14  3 10  5  8  7  4 11  6
  4  2 13 12  5  8  7 11 10  3 14  6 15  9  1
 13 15 11  1  6 14  2 12  5  4  7  9  3 10  8
  5 11 14  7  1 12  8 10 15 13  9  2  4  3  6
  4  6  3 10 14 12 13  7 11  5  9  1 15  2  8
  2  7  8  6 12  4 13 10  3 11 14  5 15  1  9
  6  5 11 10  1  7  4  2  8 14 13 12 15  9  3
 12 14  7  6  2  9 15  1  4 13  5 10  8 11  3
 12 10  3  2 13  1  9 14 11  6 15  7  5  8  4
 13  9  7  5 15 14  1 10  2  4  8  6 11 12  3
  1  5 13  7 15 11  6  8  4 14  2  3 10  9 12
  7 12 14  6  3 13  1  5  2 11  9  4  8 10 15
  6  7 12  1  3 13  5  9  8 10 14 11 15  4  2
  3  7 14  8  6  1 10  5 15 11  2 13  9 12  4
  8  3  9 10  1  7  5  2 12 15 11  4  6 14 13
  8 12 15 13  5 14  6  9  3 11  4 10  2  7  1
 10  8 13  5 11  2  9 14 15  4  1  3 12  7  6
  9 15 10 11  8  7  5 13  2  3 12  1  4  6 14
 15  8 10  6 11  7  5 13  3 14  9  1  2 12  4
 15  9 14  5 10  8 11  1 13  2  6  3  4  7 12
  9 12  2  5 10 15  1  4  6 13 11  8  7  3 14
 11 12 14  4 10  5  3 13  7 15  6  9  2  8  1
 15 13  7 11  5  2 14 12  3  6  8  9  4  1 10
  1 15 10  2  5 12  4 14  7  3 11  9 13  8  6
 12  4  1 14  9 15  3  8 11 13  6  7 10  5  2
Nb of jobs, Nb of Machines, Time seed, Machine seed, Upper bound, Lower bound
        50        15 2106639239  955932362      2781      2781
Times
 34 91 93 88 59 66 50 53 45  1 68 77 37 61 17
 19 73 15 72 38 52 14 69 19 29  3 48 11 54 28
 59 29 84  4 19 35 22 50 68 28 96 23 74 90 51
 14 86  8 85 49 56 87  2 85 60 97 51 39 34 89
 99  5 39 39  3 73 16 62 29 68 14 38 90 56 32
 23 84 34 77 25 44 45 14 79 90 78 56 37 61 96
 24 15 99 49 66 99 87 11 45 84 20  9 71 50 54
 67 11 97 63 64 33 66  4 89 60 51 13 33 48 70
 56 66  8 92 81 94  5 21 69 61 50 99 49 26 83
 14 38 82 99 77 17  9 21 15 43 39 39 80 19 43
 76 94 34 45  7 83 88 47 22 90 11  6 22 40 51
 72 65  2 38 96 10 58 65 17 75 65 79 83 45 52
 23 35 24 67 65 18  7 68 19 63 18 80 19 23 39
 47 70 38 14 46 48 14 45 31 35 95 75 61 44 71
 26 14 46  1 23 50 27 82 26  7 55 22 21 85 66
 11 84 48 49 19 98 92 42 67 57 40 78 19 52 14
 12 71 17 67 20 41 74 96 87 20 84 77 72 91 37
 12 12 66  2 17 33 30 10 72  6  6 41 39 71  4
  3 89  9 24 80  7 42 85 84 89 40 42 92 91 77
 98 83 65 94  6 96 34  7 49 25 47  8 93 67 50
 52 57 73 45 55 63 99 20 59 90 31 23 99 92 53
 64  4 25 52 72 41 11 99 35 77 89 98 63 59 99
 80 93 64 13 48 47 78 59 58 73  3 28 13 72  9
 24 95 93 48 78 64 26 86 83 41 62 53 35 84 45
 91 86 79  5 85 29 73  9 74 69 23 80 82 34 88
 76 77  2 28 27 27 87 33 41 99  2 44 16 83 91
 96 27 61 42 99 76 87 36 24 21 88 43 89 78 53
 86 72  3 91 33  1 37 39 30 78 52 52 64 88 75
 98 52 99 11 57 40 52 75 23 49 65  1 57 56 92
 82 33 80 23  7 49 24 50 29 38 47  3 53 89 70
 32 62  9 88 58 70  9 66 18 40 33 54 60 92 88
  2  5 35 65 67 58 61 72 60 84 88 23 17 71 13
 65 56  5 94 82 76 29  1 93 66 47 32 42 75 13
 14 86 65 41  3 10 49 26 10 86  1 32 38 48 93
 98 21 61 61 54 71 98 39 14 38 74  2 12 93 85
 93  1 26 57 38 80 43 64 23 88 74  5 16 50  1
 23 55 72 57 46 17 80 44 80 55 75 69 34 44 30
 64 93 55 78  9 24 59 72 30 50 81  7 53 69  3
 63 40 81 33 52 86  2 43 57 36 53 18 22 92 40
 60 79 43 83 76 79 53 72 40 37 66  3 52 33  9
 28 70  7 51 33 57 89 60 64 36 75 49 13 36 65
 74 97 88 27 95 99 17 31 87 34 28 16 16 94 14
 63 47  6 43 48 65 83 98 58 60 12 48 93 77 32
 32 94 71  3 20 45 10 45  6 57 35 76 46 87 25
 45 63 82 23  1 13 50 64 82 55 42 14 35 15 47
  6  6 28 96  2 85 97 90 83 76 65 46 71 42 61
 95 54 46 33 13 71 37 60 50 30 56 10 62 76 57
 96 64  6 90  1 99 86 27 18 56 19 73 76 82 78
 98 69 68 45 17 29 15 81 31 79 54 50 73  2 86
 44 78 31  8  8 15 95 83  3 30 39 92 47 49 45
Machines
  8  9  1 15 12  7  6 10 14  2  3 13  5 11  4
 15  1  7 11  2 12  3 10  9  4  5  6 13  8 14
 11  7  4 12  1  6  5  2 14  3 13 15 10  8  9
 12 15  4  1 13 10 11  8  6  7  3  9  5 14  2
  6  8  1  4 11  2 10 12  9 13 14 15  3  7  5
  7 14  2  8 11  1 12  9 10  6 13 15  5  4  3
 15  9  4 10  6  1  2  7  3  8 13 11  5 14 12
  9 14  1  4 11  2  3 15 12  8  6  7 13 10  5
  7 11  2 12  6  5 13 10  3  9 14 15  8  1  4
  5 10  7 11  9  2  8 15 14  6  3 12 13  1  4
  5  2  4  8 14  6  9 11 13  1  7 15 12  3 10
 10  8 11  3  7 13  9 14 15  6  2  1  4 12  5
  4  3 13  5 12  8  6  2 15 11  9 10 14  7  1
 14 15  2  4  3 12 10  9  7  1 13 11  8  6  5
 11  4  3 12  6 10  1 13  9 14  5  8 15  2  7
  3 14 15 12  2  6  4  5  9 13 11  1  7 10  8
  7 12  4 11  5  3  1 15  8 14  2 13 10  9  6
  7  9 11 15  2  6  4  1 10  5 13 12 14  8  3
 11  2  3  6  8 13 14 12  1 10  4  9  5 15  7
 13  5 12 14 10  9  8 11  1  3  4  7  6 15  2
 12  7  1 13 15  8 11  6  3  5  9 14  4 10  2
 15  8 10  2  5 14  6  1  3 13 11 12  7  9  4
 10  6  2 15  3  4  1 12 13 11  5  9  8 14  7
 10 11  4  9  1  6  7  5 13  3 15  2  8 14 12
 15  9 10  6 12  1 13 14  5  8 11  2  7  4  3
  7 11  8 14 13  4  3 12  6  5  2  1  9 15 10
 11 12 10 14  4  8  7 13  1 15  2  5  9  6  3
  6  8  4 15 14 11  9 10  2 13  3  1  5 12  7
 10 11  5 15  9  7  2  3 12 13 14  1  4  8  6
 11  2  5  3  4 13  6  1 10 15  9  8  7 14 12
  4 10 12  6  5  3 15  1 13  2 11 14  9  8  7
  7  3 13 14  5  1 11  2  6 10 15  8  9 12  4
  1 15 12  6  7  8  2  4  5 10 14 11  9  3 13
 14  7  5 12 10  6  3 13 15 11  1  4  8  9  2
  1  2 14  3  5  8 13  4 11  9 12  7 10  6 15
  8  3  5  4  7 10 12 14 11  9  2 15  6 13  1
  2 13  3  6  1  8 14 11 15  5 12  7 10  9  4
 15  5 10 13  3 14  8  2  6  9 12  1  4  7 11
  8 11  3 14  9  1 10 13  4  7 12  5 15  6  2
  6 15  5  3 10  1  8  7 13  4 14  2 11  9 12
  2 14  1 15  3 13  8 10  9  5 12 11  6  7  4
 12  2  1  8  7 15 13  3  6 14  9 11  5 10  4
 11  9 12 10  5  6  1 13  2 15 14  3  8  4  7
 13 14 10  6  2  7  4  3  1 12  9  5  8 11 15
 15  9 10 14 12 11  8  4  5  3  6  1  7 13  2
 10  7 13 11  3  8  2  5  1  6 12  4 14  9 15
 13  3  2 10  7 15  6  9  4 14 12  1  8 11  5
 11  3 12  6 10  1  5 14  8  9 15  4  2  7 13
  7  6 11 10  5 13  4 15  1  3 14  9  8 12  2
  9  1 15  7  5  6 11 13 10  8 14  4 12  3  2
Nb of jobs, Nb of Machines, Time seed, Machine seed, Upper bound, Lower bound
        50        15 1765352082 1209982549      2943      2943
Times
 30 16 71 30 78 46 18 32 34 88 94 85 83 30 73
 14 51  6 33 17 22 63 71 14 87 58 37 55 73 78
 39 26 79 10 48 48 97 22 89  1  3 44  9 77 40
 79 66 39 61 57 96 98 54 88 21 92  3 39 21 73
  5 65 93 90 64 30 93 88 91 47 26 79  3 77 39
  6 61 92 22 18 52 82 48 32 73 49 16 76 55 38
 16 29 93 89 61 47 25 38 28 46 93 68 99 41 59
 50 77 11 79 98 66 23 15 24 41  8 57 68 52 30
 26 36 79 92 93 11 18 71 26 95 14 86 41  3 47
 14 16 56 74 92 33 93 68 70 38 64 79  8 69 74
 87 74 84 78 49 45 44 53 83 28  3 48  6 52 53
 71  9 73 90 58 16 90 54 48 64 17 63 64 98 96
 58 47 95 34 14 11  2 52 29 65 86 60 13  5 16
 64 29 35  6 90 42 36 29 57 39 52 39 93 21 77
 85 98 44 85 45 64 33 49 23 84 53 17 48 31 11
 33 89 48 20 95 57  8 19 21 36 65 37 93  4  2
 51 57 69 74 95 79 37 82 75 20 49 38 78 97 73
 68 91  5 50 32 48 39 81 32 68 92 74 27 60 59
 82 63 18 32 69 82 76 39 72 90  4 54 79 81 72
 98 97 37 95 93 56 46 85  7 78 71 69 47 41 64
 65 64 28 46 27 53  6 71 12 15 61 89 56 35  9
 86 86 72 13 69 39 98 28 32 64 21 86 50  8 90
 96 82  2  4 27 43 35 73 97 21 78 95 76 73 89
 19 17 55 53 89 40  3  3 14 40 69 50 20 41 30
  9 75 67  4  8 70 38  1 99 49 43 74 31  9  1
 85 90 94 15 73 50 81 26 91 10 58 32 78  1  7
 58 95 31 99 89 92 18 42 95  7 81 47 53 94 52
 13 57 45 71 16 90 25 52 72 11 21 27 34 89 27
 40 44 17 94 39 49 52 17 79 44 70  1 67  1  8
 98 38 53 98 41 63  2 68 28 75 14 21  8 65  1
  5 40 27 93 65 93  7 39 42  8 29 27 57 17 77
 39 18 17 93  8 57 66 76 28 21  2 82 66 77 94
 75 13 48 13 39 16 69 39 35 75 85 55 45 55 85
 85 82 13 89 34 10 95 38  4 10 84 88 65 25 50
 75 74 84 71 54 53 86 11 72 27 89 60 25 17 86
 16 66 24  6 81 26 68 41  2 87 86 71 32 34 69
 22 16 45 56  8 62 20 84 87 59 53 81 43  3 22
 28 23 66 27 49 46 49 64 43 12 95 38 31 49 18
 20 22 90 84 14 36  5 80 99 93 67 58 37 13 55
 98 88 38 95 87 69 99 85 75 39 77 57 82 96 52
  9 89 82 81 16 40 74 27 33 33 15 78 58 79 28
 64 92  8 48 75 29 69 33 83 19 97 74 98  3 39
 68 87 88 72 84 26 11 95 94 90  8 17 53 92  6
 97 96 29 68 96 69 95 90 67 53 23 18 54 49 18
 78 44 69 25 48 77  1 70 14 25 95 25 53 64 39
  3 80 70 59 43 54 54 59 29 62 89  3 59 79  8
 38 15 18 76 21 82 84 53 18 74 59 61 11 58 10
 22  7 89 39 44 41 41 83 54 87 86  7 70 55 73
  5 59 22 59 68 99 41 27 62 80 30 37 60 76  4
 24 95 67 85  8 15 73 52 12 39 16 62 61  9 53
Machines
 12  4 13  1 15 10  2  7  3 14  8  5  6  9 11
  3  9 15  2  1 11  7 13  8 10  4  5 12 14  6
 14  1  6  7 15 12  5  4  8 10 13  9  3 11  2
 14  5 10 12  2  7 13  3 11  4  1  8 15  9  6
 10  4  5  8 12  1  9 11  7  6 15 13  2  3 14
  3  1  6  4 13  2  5  7 10  8  9 11 15 14 12
  7  2 10  3  8 11  5 12  1 14 15 13  4  6  9
  3 14 15  5  4 11  8 10  7  6  2 12 13  1  9
  8 15 13  3 14  9  7  1  2  6 12 10  5  4 11
 11  6  8  4 13  7  3  1 14  9 15 10 12  5  2
 14  5 15  7  4  3  6  9 10 13  8  1 12 11  2
 10 15  8  7 12 13  5  6 11 14  4  2  9  1  3
  9 11  8 12 14  2  3  4 15 13 10  5  6  7  1
  6 11  3  5  8 10 13  4 14  2 15  7  9  1 12
 14  2 12  8  4  9  6  5  3  7  1 15 10 13 11
  4  5  8 10  9  6 12 15 13  3  7 11  1 14  2
 11  4 10 15  1  8 14 13  7 12  5  9  2  3  6
 10 13 14 15  7  3  5  8  1  9 12  4 11  6  2
  8  4  7 13 14 15  1  6  9  2 12  3 11 10  5
  4 12 13  5  7  1 14  9  6 10  8  2 11 15  3
  5  3  2  4 14 11 13  9 15  6  8  7 12  1 10
  8  9  6  4 14  1 11 13 12  7  3  2  5 10 15
  9 14 15  6 13 12 11 10  3  4  8  1  7  2  5
  1 10  2  9  7 13  6  8  5  4  3 14 11 15 12
  9  6  8  3  7 12 14  5 10  1  2 15 13 11  4
 11 12  4  9  3  8 15  5  2  6  1  7 10 14 13
 12  1  6  9 10  5  2  7  3  4 15 11 14 13  8
 12  1  9  3  2  7 14 10 15 13 11  5  6  4  8
  3 13  8  5 14  9  1 10  6 12  2  4 11  7 15
  9  4  7  2 13  8 12  5 10  3 11 15 14  6  1
  3  7  8 14  9  4  2 11 15 12 10  6 13  5  1
 14  6  3 13  2  7  5  1  4  9  8 10 12 11 15
  1 14  5 11 15  8  9  2  4 10  7  6 12 13  3
  5 14 11  6  9  3  2  4  7 15 13  8 12 10  1
 10 14  4  6 13 15  7  2  5 11  3  8  9 12  1
 13  7 12  5  2 10  9  6  1 14  3 15 11  4  8
  4 11  5 14 10  8 15 13 12  9  3  2  1  6  7
 14 13  2  3  9  1  8  5 11  7 10  6  4 12 15
 14  9  3  8 12 13 11 10  7  5  2  1  4  6 15
  7 12  4  5  9  3 11 14  8  6 10  2 15  1 13
  9  3  8 14 10  4 15 13  1  2 11  7  6 12  5
  7  5  9 10  3  6 14  2 13 12 15  1  8 11  4
 14 10 13  4 15  6  9  8 11  5 12  1  2  3  7
  8  4 11  2  9  6  1 12 10 14  3  5 15  7 13
 12 14  9  2 13  5  3 11  7 10  4 15  1  8  6
  2 12 11  8  6  4 15  3 14  7  5 10  1 13  9
 15 12  2  9  6 14  1 10  5 13  7 11  4  3  8
 11  6  8  3 12  5  4 15 10  1 13  7  2 14  9
 15 13 11  7  5 14  9  8  3 12  6  4  2  1 10
 13  3 11  4  5  1 14 15  8  6  7  9  2 12 10
Nb of jobs, Nb of Machines, Time seed, Machine seed, Upper bound, Lower bound
        50        15 1105092880 1349003108      2885      2885
Times
 86 13 65 20 76 82 42 10 50 29 30 53 52 19 24
 19 76 77 73 76 87 61 51 61 99 38 98 34 34 44
 29 80 63 15 75 27 98 38 57 80 56 54 55 35 15
 72 73 67 58 14 59  6 70 88 66 65 96 95 56 16
 21 78  3 76 10 46 98 12 55 92 42 68 67 75 97
 30 20 80 16 76 45 97 70 54 38 76 84 55 93 67
 81 53 37 84 33 69 52 11  2  7 79 36 78 92 19
 28 78 62 17 38 66 68  6 60 93 47 63 26 58 46
 19  4 66 51 61 16 72 20 85 95 37 21 94 64  8
 45 84 52 50 77 38 60  2 50 65 71 67 95 71 24
 32  6 42 74 56 38 55 84 96 86 47 38  4 72 91
 81 49 40 57 16  7 13 18 96 84 53 70 94 74 89
 71 66 45 27 79 75 71 88 14 36 88 23 52 74 78
 46 69 24 20 37 53 82 34 54 47 13 28 78 42 86
 46 88 37 75 56 77 21  8 52 53 12 81 72 79 98
 12 10 98 15 55 48 91 11 28 42 13 85 15 21 24
 44 46 79 13 48 78 67 72 87 64 21 58 75 86 10
 32 73 70 30 91 63 33 38 42 82 71 70 78 15 80
  6 27 79 59 77 99 27 26 61 11 20 66 96 55 48
 57 47 84 84 92  4 62 23 56 99 68  5 31 83 31
 24 43 48 79 40 57 90 83  8 99 29  8 40 64 57
 77 53  1 99 39 81 58 94 41 93 61 24 32 31 48
 42 39 60 41 40 45 14 27  8 29 89 92 74 97 16
 14 28 10  6 27 57 54 62 57 98 32 32 21 61 66
  6 13 33 88 92 20 79 63 29 97 66 59  2 83 20
 36 35 70 34 60 63 90 94 56 27 49 93 27 39 44
 19 13 54 69 56 32 80 30 49 74 79 25 69  9 51
 37 92 59 11 41 68  3  6  3 54 98 82 21 61 95
 79 15 44 91 93 38 90 21 42 40 15 24 97 34 27
 74 69 81  7 71  6 32 15 28  6 53 73 65 29 37
 45 87 27 76 64 35  4 57 43 98 62 49 44 75 38
 93 78 92 44 20 83 51 68 91  7 97 69 97 94 58
 80 80 22 51 71 25 13  7 88 26 83 73 73 39 58
 77 19  9 60 19 87 60 48 86 50  7 19 14 52 97
  4 86 56 86 49 16 46 93 87 39 22  1 71  4 84
 39 84 98 95 22 48 28 27 21 55 80 10 89 87 76
 69 80 59 98 76 12  4 58 24 86 45 89 17 30 81
 22  5 28 18 46 88 10 90 80 53 41 98 28 12 25
 93 19 83 58 61  7 88 17 81 69 76 12 71 61 28
 21 20 89 38 91 49 42 26 89 80 10 15 49 45 59
 86  2 20 17 48 46  6 43 16 51 74 81 74 64 15
 47 98 32 35 81 96 42 15 35 92 55 98 61 74 30
 44  8 53 45 71 65 87  4 35  9 30 56 67 68 90
 62 31 14 43 21 58 82 85 88 33 39 70 63 82 57
 71 99 78 83 88  9 50 38 76 85 97 19 68 51 25
  3 57 75 95  6 31 79 86 95 87 66 35 68 17 18
 68 71 84 64 53 67 44  1 63 27 10 21 50 13 76
 56 77 40 82 75 92 17 72 10 12 48  5  3 13 33
 25 86 32 31 14 58 31 62 41 55 44 13 53 33 63
  8 95 44 38  6 95 87 47 42 72 93 92 38 98 55
Machines
 12  2  3  9  6 14 11 15  5 13 10  7  4  8  1
  2  1  4 10  6  5 11 14  3  7  8 13  9 12 15
 10  8  5  1  3  2  9 11  4  6 13 15 12  7 14
  1 13  4 12 11  3 14  8 15  7  9  5 10  6  2
  4  2 10  6 11  9  3  1 14  8  5  7 15 12 13
  6  5 11  9  4 14  2 10  7  3 12 15  1 13  8
 12  4 10  3  5 14  8  7 11  1 15 13  9  2  6
  8 10  1 13 14  2  4 15  5  6 12  7  3 11  9
 15 12  3 13 14  5  6 10  8  7 11  1  9  2  4
 13  2 15 11 12  3  9  4 14 10  8  1  6  7  5
  6 15  3 13  8  4  7 11  2 12 10  5  9 14  1
  8 12  2  5  7  3  9 10 14 11  6 15  1 13  4
  9  2  4 11 12  8  7  1 14  3 15  5 13  6 10
 12  7 13 14  5  2  1 10  9  6 11  3  4  8 15
  9  5  4 14  2  3 13  7 10  1 15  6 12  8 11
  9  3  6  4  5 13 15  2 10 11  7 14  1  8 12
  1 11  5  8  7 15 12 10  3  6  2 14 13  9  4
  2  9  7  3 10  5 14 12 11  4 15  8  6  1 13
 13  6 12  3  8  4 15  2  9  5 14 10  7 11  1
 15  9  5  6  1  3 12 10  2  7 14 11  4  8 13
  4  5 14 12  8 13  7 10 15  6  9  2  1 11  3
  8  9 15  6  3  1  2 10 11 13  7  5 14  4 12
  7 12 15  8 13 10  9  1  2  3  5 14  4 11  6
 10  3  4 15  9  2 11  5 14 12  7  6  8 13  1
  3 12  2 10  1  5 13  6  9  7  8 14  4 11 15
  2 12  9  1 13  4 11 15  8 14  3  5  7  6 10
  6  4 12 13 15  3 11  9 14  7 10  1  5  2  8
  8  9  3  6 14  5 10  7 15 11 13  1  4 12  2
  3  1 12  6  8 13 11 14 10  7  2  9  5  4 15
  8 12 10  1  7  9  5 13  3  4 15  6  2 14 11
 15  3  9 11  8  5  4  2 10  1 12  6 14 13  7
  7  9  8 12  5  3  4  2 11 14 10  6  1 15 13
 14  3  2 15  7  1 13 12  5 11  6  8  4 10  9
  1  4 15  8 10  3 11  5 12  7  9  2  6 13 14
  5  4 12 14  8  6  1  9  7 13  3  2 15 11 10
  8 14  5  9 13 15 11 12  1  6  3 10  2  4  7
 13 11  5  2  9  6 10  3 12  1 15  7  4  8 14
  1  6  5 15 14  2  3 11 10  9 13  7 12  8  4
  3 12 10  2  8 15  1  6 13  4  7 14  5  9 11
 13  4 11  7 10  1  3 12  8 15  9  5  2 14  6
  6 11 13  1  9  8  7 10 12  2  3  5 15  4 14
  7 14  8 10  4  2 15  5 12 13  3 11  6  9  1
  5  9 10  8  7  3  6 14  4 12 11  1 15 13  2
  2  8  9  3 13 10 12  5 15 11  4  7  6  1 14
  8  5  9 11  4 14  3 13  1  2 10 15  6  7 12
  3 15 13  8  5 14  6 10  1  4  2  9 11  7 12
  8  3 12 14  9 11  5 13 10  1  4  6 15  2  7
 10 15  2  3 13 12  5  8  6 11  1  4  7 14  9
 13  1 11  5  9 10  8 12  4  3  6  2 15  7 14
 12  4  6 11  2  7 15 14 13  1  5  3  9 10  8
Nb of jobs, Nb of Machines, Time seed, Machine seed, Upper bound, Lower bound
        50        15  907248070  919544535      2655      2655
Times
 46 43 25 99 90 21 27 17 16 88 64  9 50 55 22
  9 39 58 16 98 58 81 51 10 31 49 65 48 62 51
 54 46 96 46 16 17 72 51 33 91 18 84 87 31 51
  3 94 91  2 50 89 78  5 30 10 22 76 50 45 28
  5 53 57 14 90  8 52 76 59 15 39 40 54 57 52
 31  2 56 64 55 96  6 36 29 57 86 69 54 76 89
 39  7 32 74 90 66 76 53 46 27 83 49 72 22 53
 83 18 86 89 93 63 34 97 84 61 32 48 23 81 61
 32 11 18 54 96 67 73 61 15 67 34 37 65 44 32
 79 23 51 60  9 54 85 88 83 55 87 93 80 72  5
 54 54 54 59 49 68 56  9 23 58 88 82 10 87 54
 72 84 29 59 60 98 41 87 27 31 79 69 64 86 77
 71 61 33 55 83  9 87 19 49 68  4 24 41 49 77
 36 23 36 41 56 68 81 49 45 67 89 60  1 58 28
 43 76 42 59 50  3 26 41 66 52  8 33 40 39 50
 65 30 49 14 64 34 35 66 16 45 36 80  5  2 63
 53  7 34 53 43 85  9 64 92 65 15  1  6 95 82
 11  3 33 62 70  6  3 35 57 76 38 28 78  7 17
 40 55 21 11 58  8 38 19 25 55 39 92 30 94 39
 34 18 99 28  2 41 35  6 70  4 95 59  7 88 71
 39 48 27 27 23 80 35 67 22 85 70 36 43 80 60
 15 22 93 85  9 38 98 25 64 45 96 36 37 46 89
 23 20 46 91 45 67  6 69 82 76  5 71 82 70 72
 36 93 23 13 80 44 95 81 44 44 85 58 62 18 94
 60 68 84 35 92 62 94 89  1 48 36 35 28 37 41
 62 35 62 15  8 18 21 28 72 65 82 16 40 93 41
 12 14 53 20 99 30 48  9 51 12 60 51 80 81  9
 61 62 33 61 73  3  1 19 80 40 16 23  7 82  4
 12 76 95 63 52 60 86 67 26 25 85 12 86 92 73
 57 56 47 98 55  3 29 33 24 92 51 66 38 19 59
 12 54 73 33 23 75 69 93 64 46 44 81  1 78 98
 22 95 28  8 59 63 87 84 22 43 85 99  9 11 79
  2 20 49 32 49 17 71 79 25 78 33 20 84 60 67
 12 45 81 29 41 87 57 68 79 97 16 61 63 25 51
 41 33 80 76 74  3 55 32 20 77 60 62 70 68 91
 96 13 73 16  6 23 88 72 37 33 98 14 81 84 95
 84 47 17 38 11 33 49  9 51 26 99 18 41 28  7
  1 14 34 49 11 78  8  8 68 38 72 70 32 81 86
 93 34  6 99  4 29 24 84 53 17 50 53 24 59 62
 67 75 89 82 39 82 35 58 63  4 64  8 30 53 74
 44 17 26 73 34 38 45 71 16 96 86 30 46 26  7
 45 16 96 68 48 30 79 90 84 48 79 14 42 82 26
  1 62 45  3  7 15 22 71 19 87 55 12 50 10 36
 71  3 61 34 60 72 34 33 69 36 88  1  3 98 90
 84 50 74 16 86 32  2 22 22 73 16  8 64 70 83
 57 22 43  2 10 37 46 89 31 27 47 85 86 81 38
 39 14 64 87 34 33 37 78 84 27 46 93 75 70  9
 25 84 15 59 85 53 29 70 50 93 23 98  2 17 87
 11  7 70 19 13 23 94  2 55 93 77 92 39 33 75
 29 60 27 57 79 67 66 22 27 20  5 43 79  9 85
Machines
 11  5  1  7  3  4 13  2  6 12  9  8 15 14 10
 15  6  3  7  4  8 10  9  1  2 14 11 13 12  5
 12 15  3  6  8 14 13  1  4 10 11  5  7  2  9
  7  4  5 10  3  1 13  8  6 12 11 14  2  9 15
  2 11  1 10  6  5  8 13 12  4 14 15  7  9  3
  3  1  9  5 13 10  7 15 14  6  4  2  8 11 12
  1 12  3 14  9  5 11 13 15  8  2  7  4  6 10
  4  3  5 11  7 13  6 14  9 10 15 12  1  2  8
 13 11  2  5  8 10  7  3  4 12 15  6 14  1  9
 13  6 15  8 11 10  7  5  4  9 12  3 14  1  2
 11  6 15  4  3 14  8  5 10 13 12  7  9  1  2
  6  1 15 11 10  7 12 13  9  3  2 14  8  4  5
  2 13  4  6  1  9 12 10  3  5 14 15  8  7 11
  9 12 11  7  6  1  5  2 15  8 13  3  4 14 10
  7  8  2  3 11 15 13  9 10  1 14  5  4  6 12
  2  9 11  5  7  8 14 15 13  6  4  1  3 10 12
  2  1  9  4 13  3  7  5 15 12 11 14  8 10  6
  3  8 15  5 10 11  4  6  7 14 13 12  9  2  1
  7  5  2 13  1 15  4  9  3  8 14 11 12  6 10
  9  1 15  4  8  7  2 14  6 12 13  3 10  5 11
 12 14  8 15  2 13  5  6  4 10  9 11  1  3  7
 13  5  2 14  7  1  6  9  4 11 12 15  8  3 10
  3 10 11  8 12  5  9  1  6  4  7 13 14 15  2
  6 10  4  2  3 13  1  8 15  5 11 12  7 14  9
  6 13  5 12 10 15  9  2  4  3 11  1  8  7 14
 15 11  3  4  1 10 12 13  8  7  2  6 14  9  5
 15  3 10  2  8  6  9  4  5 13  1  7 12 14 11
  9 15 12  8  7 10 13 11  1  5  2  6  4 14  3
  3 13  5 14 15  7 10  4  6  2  1  9  8 12 11
 14  4  2  7 11 12 10 15  1  8  6 13  5  3  9
  4  2 12  7 13  8 11 15  6 14  9  1  3  5 10
  1  3  5 14  6 11  4 12  8  2 15 10 13  7  9
 10 11 13  6  7 15  3  1  8  4  5  2 14 12  9
  5  9  1 12  3 10  8 13  2 11  4  6 14 15  7
  3 15  2 12  1  7  5  4 11  6 13  8 10  9 14
  3  7 10  5  2  1 15  8  4  9 14 11  6 13 12
  8  4  9 14 10 11 12  5  6  2 15  3  7 13  1
 10  8  4  7  5  9  2 12 15 14 13  6  1  3 11
  3 11  1  6  2  4 15  5 13 14  9  8  7 12 10
  5 15 14  1  6  3 11  8 10  2 12 13  4  9  7
 15  4  2 14  6  7  9  5  1 10  3 11 13  8 12
  2 10  6 13  8  1 12  4 15  7 11  3  5  9 14
  3 11  2 12  7 14 13  8  4  9  6 15 10  5  1
  8 13 15 12 10  2  6 14  4  9  5  7  3 11  1
  5  1  3  6 12 14 11 15  7  9 10  8  4 13  2
 10  8  7 11 14  2  9  6 12 15 13  1  4  5  3
  8  6 10 15  5  3  2  1 13 14  7 11  9 12  4
 12  2  1  5 10  3  4 11  6  7 14 15 13  9  8
  8  9  5 15  6  3 11  1 13  7 14 10 12  2  4
 12  7 10 14  8  3  1  4 13  5 15  6 11  2  9
Nb of jobs, Nb of Machines, Time seed, Machine seed, Upper bound, Lower bound
        50        15 2011630757 1845447001      2723      2723
Times
 76 34 28  8 10 74 92 30 10 82 45 74 24 87 38
 90 55 16 77 86 83 26 92 23 50 74 81 15 14 31
 35 56 32 64 70 78 23 46  8 75 45  5  7 62 73
 74 13 78 88 32 26  8  2 27 29 62 48 25 78  8
 95 68 65 93 68 75 54  2 60 99 13  3 66 57 60
 43 84  7 70 43 37 42 92 70 91 30  5 57 70 80
 83 97 12 19 50 18 41 66 24 98 11 21 29  6 86
 86  4 94 52 22 76 81 47 92 95 15 33 85 38 54
 80 56 54 87 22 93 36 83 99 27 15  7 69 77 50
 43 49 13 27 94 91 79 80 13 81 34 19 67  3 67
 63 56 77 17 17 51  3  9  7 63 87 66 92 64 60
 33 86 35 69 32 86 26 98 95 31 11 82 85 71 61
 81 86  1 18 16 94 84 11 18 41 72 15 50 79 77
 67 41 99 29 62 80 39  1 21 38 68 88 88 95  2
 76 80 42 65  4 62 50 93 74 76 10 76 55 95 94
 76 40 96 89 22  1 22 49 12 27 17 34 48 28 32
 90 50 33 53 21 35 11 53 44 58 76 32 62 60 23
 96 14 67 37  7 23 76 82 51 68 58 66 13 40 43
 32 95 70 27 79 37 98 86 85 53 25 88 32 31 26
 18 31 97 94 74 73 40 34 88 52 48 72 50 20  6
 85 90 87 57 87 11 96 69 77 95 60 37 87 83 40
 76  1 46 31 21 57 69 96 85 40 30  4 61 44 29
 33 48 71 27 67 11 23 97 71 23 54 91 55 12 62
 65 19  6 45 94  4 46 52 93 14 49 70  1  3 23
 14  3 34 13 46 79 82 76 14  6 27 34 65 51 85
  8 41 74  9 42 98 65 94 24 83 21 75 26 30 67
 86 96 60  6 78 87  5 26 48 81 64 20 44 91 12
 75 24 27 14 33 17 93  5  5 89 53 66 85 51 96
 31 63 21 37 68 78 48 66 86 18 77 22 31 87 18
 23 25 22 40  5  9 29 51 61 84 50  4 87 36 31
 16 81 18 73 26 19 54 44 92  8  6 89  2 46 21
 57 48 31 57 11 79 68 99 44 71 59 13 10 48 32
 42 34 93 63 13 38 93 34 66 62 39 68 43 72 37
 86 11 33 85  9 33 80 92 59 21 65 19 96 17 33
 44 43 78 36  8 12  4  8  2 78 43 27  9 16 17
 81 32 38 83 32 74 76  6 17 28 76 66 19 27 77
 49 74 35 11 81 72 76 49 67 29 52 33 72 54 19
 96 73 39 69 42 77 95  5 37 56 21 65  5 40  8
 11 44 32 43 10  5 62 15 92 79 30 29 21 58 29
 22 83 55 95 42 42 62 12 82 52 41 40 86 28 48
 64 68 14 70 63 33 82 55 17 51 96 27 79 63 28
 89 80 98 54 75 97 40 62 98 38 70 39 23 12 94
 21  8 80  2 66 33 22 21 70 14 32 70 78 46 38
 17 22 57 60 68 86 31 16 75 65 46 56 75 99  6
  4 75  8 35 67 88 40 90  9 99 93 39 59 90 69
 34 61 88 54 95 22 47 91 53  7 94 14 70 40 31
 28 90  5 85 83  6 69  6 57 87 93 75 70 86 68
 25 44 54 94 35 62 63 51 59 68 85 48 64 40 75
 29 42 56 94  9 31 80 52 53 82  8 32 94 94 32
 39 12 34 24 41 85 74 46 30 89  2 87 57 84 34
Machines
  3 11 13  9 10  1 15 14  7  8  5 12  4  6  2
  4  2 11 13  1  3 10  9 14 12  7 15  6  5  8
  9  1  3  2  4  8 14  7  5 11 13 12  6 10 15
 11  5  2  7 13  4  6 12 15  3 14 10  9  1  8
  3  2 15  9 12 14 13  7  6  4  8  5 10  1 11
 12 13 10  8 15  7  3  2  5  1  4  9 11 14  6
  1  9 13  2  6  5  8 15 11  3 12 10 14  4  7
  4  8 14 10 13  9 11 12  5  3  1  6  2  7 15
 14 13 10  7  4 15  3  9 11 12  5  2  6  8  1
 10 11  9 13 14 12  2  6  3  8 15  7  4  1  5
  8  4  3  9  7 11  6  2 14  1 13 12 15  5 10
  9 13  2  3 15  5 11  6  7 10  1 14 12  8  4
 10 14  4 15  6  3 12  1  7  9  5 13 11  8  2
 13  4  6  9  8 14  7  2 15  1 12  3  5 11 10
  7  5  2  6  4 10  1  8 15 12 11  9 14 13  3
  2  9  1 10 11 14  8  6  5  7 15 12 13  4  3
  8 14  2 10  7 11  3  9 13  5 12 15  6  4  1
 14  4  3  5  1  9 13 12  8  7 11  2 15 10  6
  5 10  2  7  1  6 14  3 13  4 11 15  8  9 12
  1  4  3 14 13 11  6 15  2  7 12  9 10  5  8
  5  2 14 10 11  1  8  9 15  7  4 12  6 13  3
 13  7 11  1  6  4 14  2 12  9 15 10  3  8  5
 10  7  4  1 13  3  6  8  9 14 15  5 11 12  2
  1  4  9 14 12 13 15  8 10  7 11  2  3  5  6
  3  6  1 13 14 10  4 12 11  9  5  8  7  2 15
 14  3  5  7 13 10  8  2 12  4  9 15  6 11  1
  1 12  9  5  8  7 14  2  6  4 10 11  3 15 13
 11  6  1 10  2 14  4  8  5  7 13  9 15 12  3
  2  9  5 11 14  4 13  1 15 10  7 12  8  3  6
  9 14  7  4  2  8 10  1 13 15  3  5 11  6 12
  5  4 13  2 14  1  7  9 15  3  8 10 12 11  6
  1  9  2  8 15  6  5 11 10 13  7  3 14  4 12
  4  7 13 12  1  3  6  2 15  9 14  5 10 11  8
  6  5 15  8  1  9 14  3 13 10  2  7 12 11  4
  7 10 13 12  3  2  9  6 15 11  5  8 14  4  1
 11  3  5  1 15 13 14  2  9  6 10  7  8 12  4
 12  5  9  7  3  8 15 13  6  4  1  2 10 14 11
 15  8  3 12  1  5 10  9  6  7 11  4 14 13  2
  1 15 12  5  3  7  6 14 13  2 11  8  9 10  4
  3  6 14  9 12 13  7  5 10 11 15  8  1  2  4
  2 10  5  6  3  1 14  8  7 12  4 13  9 11 15
  7  5 12  9 11  8  6 14  4  2 13  3 10 15  1
 13  3  7  6 15 11  9  1 10  8  2  5 12 14  4
 15 10  6  2  1  4  7  8  3 14 13 11 12  5  9
 10  5  2 15  8  7  1 11 13  6 14  9 12  4  3
  3  6  9 13  1 11  7 10  5  4  2  8 15 14 12
 11  4 10 15 14  6  3  1  5  7 13  8 12  9  2
  8 11 10 15  6 13  9 12  4  3 14  1  7  5  2
  8  1  3  4 12 15  6 13  5 10  2 14  9 11  7
 10  3  7  9  8 13  1  4 15 14 11 12  2  6  5

